3623.1,2323.4,1.5598
3923.4,2301,1.7044
3872.7,2281.1,1.6981
4337.4,2300.8,1.8855
3702.4,2336.6,1.5842
3865.4,2276.2,1.6983
3724.3,2337.6,1.5931
3975.1,2293.4,1.733
3630,2272.7,1.5972
4243.1,2295,1.849
4333.8,2328.1,1.8628
3374.8,2318,1.4557
4343.7,2284.7,1.9011
4162.9,2323.6,1.7923
4702.3,2289.2,2.0549
3867.7,2317.4,1.6694
3775.2,2296,1.6441
4048.2,2371.9,1.7062
3663.1,2286.3,1.6023
4280.4,2292.6,1.8669
3890.1,2305.6,1.6875
3304.9,2232.1,1.4808
3356.9,2278.3,1.4732
3809.4,2285.1,1.6668
3252.6,2260.6,1.4395
3223.4,2281.7,1.4127
3530.7,2287.9,1.5434
3999.6,2296.1,1.743
3955,2313,1.7104
3657.9,2442.8,1.4981
3844.9,2316.8,1.6596
2643.3,2274.1,1.1624
2612.6,2283.4,1.1442
3605.2,2299.2,1.5684
3667.3,2302,1.593
4220,2337.3,1.8051
5284.6,2299.6,2.2992
3902.9,2354.9,1.6578
3826.9,2272.6,1.6833
3816.4,2322.9,1.6437
3612.3,2266.1,1.5946
4128.4,2278.8,1.8119
3500.2,2289.1,1.5291
3767.2,2307.8,1.6336
3848.8,2275.2,1.6917
4055.2,2292.2,1.7693
3821,2315.9,1.6499
3949,2294.1,1.7214
2741.4,2299,1.1924
3809.9,2267.6,1.68
3701.1,2317.8,1.597
4008.4,2301.7,1.7407
3331.3,2247,1.4835
4010,2298.8,1.7444
3640.3,2259.4,1.6115
3411,2233.4,1.527
3243.2,2279.4,1.423
4696.2,2282.7,2.0573
2809.3,2273.2,1.2358
4276.7,2282.7,1.8738
3930.2,2299.2,1.7102
3470.1,2339.4,1.4845
3478.3,2341,1.4854
3466.9,2293.8,1.5119
3458.4,2312.8,1.4954
3480.9,2325.8,1.4972
3331.9,2307.8,1.4439
3614.7,2447.1,1.4774
3331.9,2316.9,1.438
3567,2314.1,1.5413
3649.4,2292.6,1.5921
4749,2358.6,2.0116
4145,2301,1.8016
3976.2,2359.6,1.6859
4283.6,2317.7,1.8491
3736.9,2292.9,1.6299
3819.3,2320.6,1.647
3679.7,2305.4,1.5962
4788.3,2304.4,2.0774
3644.3,2332,1.5621
3955.6,2276.8,1.7375
3812.4,2332.8,1.6337
4469.7,2266.1,1.9737
4226.2,2306.2,1.8331
3813.9,2303,1.6562
3718,2256.2,1.6476
3283.4,2264.3,1.4503
5348.1,2337.8,2.2879
4192.1,2286,1.8337
4970.2,2284,2.1763
3194.8,2271,1.4069
3100.8,2285.8,1.3565
5569.7,2302.6,2.4185
4781.4,2292,2.0858
3639.2,2305.2,1.5793
3671.8,2357.9,1.56
3803,2322.4,1.6373
3732.6,2300.2,1.6225
3721.3,2303.4,1.6157
4015.3,2319.1,1.7309
3807.7,2291.1,1.6624
3712.4,2303.8,1.6118
3873.3,2321.8,1.6684
4266.9,2296.7,1.8583
3914.1,2302.1,1.7001
4164,2291.8,1.8176
3593.2,2305.6,1.5582
3858.2,2312.6,1.6686
3744.9,2282.4,1.6404
3876.1,2296.1,1.6889
4180.3,2310.1,1.8096
4531.2,2275.2,1.9922
4494.9,2332.9,1.9275
4195.1,2297.2,1.8262
4405.1,2298.8,1.9167
5063.3,2316.8,2.1849
4480.7,2301,1.947
4318.1,2336.9,1.8486
4517.4,2278,1.9832
3774.1,2385.9,1.5818
3847.1,2246.9,1.7119
3222.9,2248,1.4335
3256.6,2243.2,1.4517
2971.6,2273.8,1.3064
3533.4,2267.2,1.5589
3167.8,2361.7,1.3416
3424.7,2282.9,1.5006
4457.2,2294.6,1.9425
4991.4,2324.1,2.1474
4108.4,2252.9,1.8242
3388.8,2209.2,1.5338
3837,2286.4,1.6783
3952.1,2292.3,1.7235
3667.7,2300.2,1.5942
3979.2,2279.7,1.7449
5393.7,2291.3,2.3526
4601.3,2276.3,2.0222
2854.7,2242.3,1.273
3726.7,2427.9,1.5379
4274.8,2303,1.8565
3745.1,2312.1,1.6194
3917.1,2268.2,1.7265
3873,2292.4,1.6898
3475,2292.3,1.5156
3697,2272.7,1.6264
4715.8,2304.1,2.0458
4147,2303.1,1.8001
3910.9,2275.9,1.7192
3908.1,2311.1,1.6911
3748.4,2323.8,1.6122
3776.3,2282.7,1.6545
4311.6,2284.6,1.8875
4896.2,2294.8,2.1334
3680.4,2296.4,1.6029
4763.8,2275.6,2.0926
3246.8,2254.6,1.4399
4068.8,2291.6,1.7751
3597.2,2274.9,1.5811
2672.2,2289.4,1.1674
3968.1,2321.3,1.7089
4659.8,2300.3,2.025
4303.1,2285.1,1.8841
3612.1,2282.9,1.583
3823.3,2291.9,1.6683
3557,2268.3,1.569
3690.4,2300.9,1.6042
3513.7,2317.3,1.5163
4050,2260.9,1.7912
4109.7,2273.7,1.808
3838.6,2247.3,1.7078
3969.4,2290.6,1.7328
4101.3,2281.1,1.7978
4607.4,2270.1,2.0293
4516.9,2303.3,1.9608
4364.2,2324.3,1.878
4435.6,2323.4,1.9087
3968.8,2278.4,1.7423
4723.4,2293.2,2.0592
3638.4,2300.7,1.5814
3894.3,2329.4,1.6709
4112.2,2301.4,1.7865
4119.9,2287.7,1.8013
4187.9,2359.4,1.776
3894.8,2435.1,1.6012
3699,2294,1.6126
3729.8,2280.2,1.6352
4084.4,2295.2,1.7795
3749.2,2286.2,1.6395
4095.7,2292.1,1.7859
4082.6,2302.2,1.7738
3667.7,2295.7,1.598
3939.2,2344.2,1.6818
4094.4,2289.4,1.7888
3838.6,2306,1.6645
4022.7,2298.1,1.7509
3696.3,2278.3,1.6223
4261.2,2302.4,1.8511
3664.1,2266.4,1.617
3063.2,2325.3,1.3195
3577.9,2281,1.5687
3355.8,2296.8,1.4621
3700,2258.2,1.6386
3811.6,2280.2,1.6715
4710.7,2275.6,2.0679
3207.8,2301.4,1.3956
3517.1,2241.4,1.5693
3467.9,2283.1,1.5186
3349,2379.8,1.4088
3735.8,2324,1.6078
3543.2,2310.9,1.5331
4085.6,2287.4,1.7861
3838.6,2321.1,1.6539
3425.6,2270.7,1.5087
3575,2294.1,1.5585
3551.1,2301.9,1.5429
3633.2,2291.8,1.5855
3630.9,2329.4,1.5599
3885.1,2373.6,1.637
3627.1,2291,1.5831
3785.6,2295.4,1.6495
3617.3,2296.2,1.5754
3832.2,2311.1,1.658
4354.1,2318.6,1.8782
4728.1,2287.4,2.0664
4457.7,2282.4,1.9528
4019.9,2301,1.746
4243.8,2287.7,1.8553
3951.9,2280.9,1.7334
4022,2329.3,1.7275
4437.4,2280.7,1.9453
3668.4,2277.7,1.6108
3568,2317.3,1.5398
3988.3,2268.1,1.7587
3851.4,2264.8,1.7007
3590.8,2307.8,1.5559
3790.2,2297,1.6497
3720.9,2280,1.6317
3883.6,2269.6,1.7109
3514,2237.2,1.5707
3297.3,2251.2,1.4648
3582.9,2274.4,1.5759
4169.7,2291.9,1.8196
4777.7,2282.8,2.0939
3582.9,2275.4,1.5746
2716.3,2274.3,1.1944
3455.3,2559.1,1.3531
3908.6,2281.1,1.7131
3899.7,2266.6,1.7205
3083.3,2236.1,1.3791
4252.3,2307.4,1.8429
3637.1,2286.2,1.591
3411.7,2292.2,1.4887
2532.2,2278.8,1.1113
3403.8,2291.1,1.4854
3507.9,2272.8,1.5444
3718.6,2305.1,1.6135
3520.6,2303.6,1.5282
3646.2,2281.2,1.5989
3853.7,2321.1,1.6608
4458.1,2304.7,1.9342
3885.4,2311,1.6817
4418.3,2297.4,1.924
3850.9,2316,1.6641
3686.7,2457.6,1.5022
3954.8,2290.8,1.7261
3721.2,2301.3,1.6166
3997.2,2359.8,1.6944
3915.7,2316.4,1.6912
3701.4,2314.2,1.5994
4124.4,2295.2,1.7972
3469.6,2340.3,1.4831
3746,2310.7,1.6214
4532.2,2338.7,1.9382
4663.2,2327.9,2.0016
3700,2280.8,1.6224
3706.8,2302.9,1.6094
3717.9,2286.2,1.6264
4439.7,2334.8,1.9026
3474.6,2285.7,1.52
3766.9,2305.6,1.6344
3710.4,2294.4,1.6174
3702.8,2310.3,1.6023
4016,2293.3,1.7514
3643.2,2301.9,1.5827
3613.3,2300.3,1.5712
4503.2,2291.6,1.9648
3718,2299.6,1.6166
4144,2278.2,1.8194
3400.2,2268,1.4994
3794.8,2294.6,1.6541
3845.3,2272.6,1.6931
4056,2274.7,1.7837
4050,2335.3,1.7342
3915.4,2268.3,1.7264
4439.4,2283.7,1.9443
4215.2,2292.7,1.8388
4199.2,2291.6,1.8327
3397.6,2292.7,1.4817
4754.7,2287.2,2.0792
4627.4,2283.4,2.0265
4178,2303.8,1.8131
3688.2,2255,1.636
3580,2381.2,1.5044
4679,2282.7,2.0493
4609.7,2284.4,2.02
4146.1,2357.3,1.7594
3255.9,2240.8,1.4532
3807.4,2296.6,1.6582
3347,2329.7,1.4369
5095.9,2299,2.2161
4438.3,2270.7,1.9547
4265.8,2277.9,1.8724
3876.6,2333.4,1.6608
3948.1,2278.9,1.7326
3826.6,2282.3,1.6767
4337.9,2283.4,1.8997
3996.2,2261,1.7676
5033.8,2282.3,2.2055
3932.9,2310.4,1.7025
3984.4,2298.1,1.7335
3989.4,2418.7,1.6491
4991.1,2296.7,2.1728
3832.3,2280.3,1.681
4366.2,2296.1,1.9026
4063,2270.2,1.7904
4103.4,2282.9,1.7979
3948.8,2313.2,1.7061
4371.6,2293.6,1.9061
3787.7,2282.2,1.66
4129,2301.3,1.7939
4585.6,2333.6,1.9661
3982.8,2275.9,1.7501
3955,2289.8,1.7277
4196,2323.1,1.8061
3879.3,2290.4,1.6949
5366.8,2271.3,2.3636
5343.6,2290.9,2.3352
4031,2287.3,1.7623
4339.6,2302.7,1.8843
3582.7,2290.9,1.5641
4182.9,2286.3,1.8299
4004.9,2336.7,1.7132
4311.9,2281.4,1.8899
3603.6,2298.2,1.5677
4130.9,2291.9,1.8024
3709.7,2307.1,1.6101
3802.4,2283.6,1.6651
3481.2,2370.7,1.4681
4065.9,2286.3,1.7786
4164.4,2292.7,1.8166
3937.9,2400.7,1.6403
3622.6,2246.1,1.6124
3126.3,2256.4,1.3858
4549.8,2291.8,1.9865
3713.4,2263.8,1.6403
2993.3,2122.7,1.4103
4674.8,2325.4,2.0104
4045.1,2261.1,1.788
3557.4,2235.4,1.5915
3088,2380.2,1.2978
3787.6,2298.1,1.6492
4207,2274.2,1.8503
3197,2309,1.3857
3301.2,2268.1,1.4551
4227.9,2341.6,1.8078
3733.4,2246.8,1.6617
4639.7,2268.3,2.0461
4282.8,2288.2,1.8709
4446.7,2295,1.9381
2541.9,2280.3,1.1148
3802.2,2313.6,1.6435
3736.8,2313,1.6163
4019.9,2290.1,1.7552
3872.7,2312.6,1.6744
3548,2304.9,1.5389
4284.3,2277.6,1.8813
3741.9,2297.8,1.6285
4741.4,2318.3,2.0459
4034.4,2269.3,1.7773
3882.8,2298.3,1.6894
3766.1,2287.2,1.6467
4284.4,2296.7,1.8656
3882,2283.2,1.6999
4257.1,2292.1,1.8575
4170,2302.6,1.8108
4005.7,2267.3,1.7671
3897.9,2273.6,1.7138
4164,2289.7,1.8188
4119.2,2302.9,1.7885
4634.6,2285.1,2.0284
4351.3,2297.7,1.8938
4454.6,2281,1.9529
4076.1,2304.7,1.7695
3866.8,2282.9,1.694
4280.1,2277.3,1.8794
4697,2283.3,2.0572
4974.4,2284,2.1786
3502,2347.7,1.4927
3508.2,2255.6,1.5554
3202.3,2341.7,1.3683
3174.4,2238.6,1.4189
3178.7,2252.8,1.4112
3644.3,2254.9,1.617
3968.8,2257.1,1.7579
3422.2,2257.8,1.5159
3601.6,2276.9,1.5818
3867,2299.4,1.6816
4150.3,2263.9,1.8335
4779.3,2272.3,2.1042
4609.7,2342.6,1.9663
4969.6,2275.3,2.1849
3787.6,2286.6,1.6563
3696.8,2324.6,1.59
2570.8,2292.7,1.1213
3366.1,2298.6,1.4653
3548.2,2271.3,1.562
3675.1,2290.9,1.6041
3805,2329.4,1.6343
3882.8,2276.1,1.7061
3640.8,2307,1.5788
3815.8,2325.9,1.6405
3761.4,2281.4,1.6488
4364.1,2274.8,1.9187
4133.1,2279.3,1.814
3821,2285.3,1.6718
3778.3,2308.8,1.6365
4137.3,2278.8,1.815
4128,2311.7,1.7854
3843.7,2296,1.6737
4175.4,2374.6,1.7626
4865.8,2295,2.1207
3787.6,2301.7,1.6458
4148.2,2284.9,1.8149
3783.4,2319.8,1.6318
4018.1,2274.2,1.7675
4045.2,2279,1.7743
3814.1,2386.1,1.6042
4300.2,2317.7,1.855
3866.4,2283,1.693
3962.1,2284,1.7352
4140.9,2306.9,1.7963
4244,2294.4,1.8498
4221.8,2307.2,1.8295
3773.1,2281.4,1.6536
4887.9,2270,2.1527
4041.3,2313.6,1.7477
4221.9,2307.7,1.8301
4087.1,2301.3,1.7761
4026.9,2266.6,1.7774
3329.2,2203,1.5113
4553.7,2293,1.987
4175.3,2288.6,1.8241
3953.1,2296.1,1.7212
2656.2,2247.1,1.1821
4241.7,2285.8,1.856
3801.7,2284.3,1.6645
3921.1,2301.7,1.7038
4309.1,2287.7,1.884
4620.6,2277.3,2.0283
4021.7,2281.3,1.7629
4187.2,2298,1.822
4076.7,2295.6,1.7762
4504.9,2300.9,1.9577
3905.7,2292.7,1.7039
3741.2,2290,1.6335
4152.4,2280,1.821
3860.3,2264.8,1.7046
3944.2,2296.8,1.7173
4357.1,2301.2,1.8938
4553.1,2287.2,1.9908
4132.2,2295.6,1.7987
4079.3,2343.3,1.7421
5402.7,2279.9,2.3694
3404.1,2253.4,1.5106
4539,2279,1.9926
4158.8,2340.4,1.7774
3830,2286.8,1.6751
3908.9,2392.9,1.6337
3889.2,2291.7,1.6972
3769.1,2277,1.6551
4102.7,2321.6,1.7674
3702.8,2288.7,1.6182
4069.1,2284.4,1.7818
3667,2339.4,1.5677
4132.6,2276.1,1.8156
3591.7,2276.9,1.5779
3936.7,2282.7,1.7244
3784.4,2315,1.6346
3889.7,2289,1.6993
4163.1,2383.3,1.746
3807,2275.7,1.6729
3925,2286.9,1.7166
3797.7,2288.1,1.6597
3796.9,2364.3,1.6089
4032.6,2315.6,1.7424
3874.1,2279.2,1.6994
3917.1,2283.1,1.7167
3767.7,2288.6,1.6468
4182.8,2331.4,1.7934
4512.4,2277.2,1.9809
4451.4,2279.4,1.953
4251.4,2293.6,1.8527
4923.3,2309.1,2.1318
5126.8,2279.4,2.2483
4842.6,2292.2,2.1109
4529.8,2279.6,1.9865
4284.6,2280.1,1.8799
4662.2,2272.1,2.0524
4704.6,2299.8,2.046
4518.1,2330.6,1.9393
4021.9,2298.7,1.7508
4394.1,2293.1,1.9166
4722.7,2258.6,2.0901
4009,2319.9,1.7273
3878.6,2337.1,1.6597
3901.6,2299.1,1.6973
3999.8,2304.9,1.7359
4568.1,2300.9,1.9882
3853.4,2293.2,1.6804
4354.6,2266.9,1.9206
3817.7,2319.6,1.6458
3917.9,2313.6,1.6941
3446.4,2331.8,1.4778
5430,2311.8,2.3492
4530.8,2299.2,1.9705
3381.4,2240.6,1.5099
4403.6,2282.8,1.9299
3681.9,2421.7,1.5292
4037.6,2295.4,1.7588
4593.6,2295.3,2.002
3878,2303.6,1.6834
3834.7,2276.2,1.6855
3795,2288.6,1.6584
3847.2,2296.9,1.6757
3943.2,2290.1,1.7217
3854.1,2403.2,1.6049
3781,2288.2,1.6528
3731.8,2271.2,1.6428
4805.8,2296,2.0922
3794.6,2276.9,1.6663
4142.2,2291.8,1.8083
5561.1,2301.8,2.4147
3688.2,2270.2,1.6248
3157.2,2262.6,1.3954
3372.8,2283,1.4776
3386.4,2262.9,1.4971
3123.8,2249,1.3891
3788.9,2283.4,1.6593
3771.4,2285.2,1.6506
3795.4,2291.4,1.6561
4042.6,2277.1,1.7751
4376.8,2284.3,1.916
4190.8,2296.2,1.8245
2461.8,2274.4,1.0824
3452,2247.9,1.5354
3429.4,2240.1,1.5307
3074.1,2205.8,1.3937
3607,2321.9,1.5544
3655.8,2289.4,1.5966
3883.2,2304.3,1.6854
3785,2279.8,1.66
3720.1,2300,1.6176
3534.7,2279.3,1.5511
3739.8,2289,1.6338
3550.1,2375.8,1.4952
3670.8,2264.1,1.6216
3939.7,2281.8,1.7263
3503.1,2277.1,1.5385
2578.3,2286.7,1.1276
2592.1,2269.4,1.1422
4618.4,2308.3,2.0007
3811.2,2348,1.6259
3579.7,2314.2,1.5464
4286.9,2263.4,1.8933
3888.4,2286.9,1.7001
4048.4,2271,1.784
3972.1,2284.8,1.7388
3598.3,2232.4,1.6118
4139.1,2272.3,1.8218
5370.2,2276.6,2.3589
4455.9,2280.7,1.9543
3593.6,2289,1.5704
4632.4,2289.7,2.0226
3859,2292.8,1.6829
3960.7,2316.9,1.7095
3837.3,2282.4,1.6815
3804,2380,1.5989
3747.7,2270.7,1.6501
3561.2,2358.4,1.5143
3676.7,2281.2,1.6116
3448.3,2297.9,1.5009
3572.2,2269.3,1.5744
3959.1,2298.9,1.7219
3774.9,2303.2,1.6391
3799.1,2279.8,1.6667
3974.1,2281.7,1.7419
3863.8,2295.4,1.6831
3868.4,2265.4,1.7072
3794,2324.9,1.6317
4178.9,2293.8,1.8223
3979.8,2298.7,1.731
3598.7,2465.9,1.4613
4190,2276.1,1.841
4089.8,2281.7,1.7923
3835.4,2294.3,1.6725
3741.9,2270.1,1.6483
3966.2,2294.2,1.7289
3928.7,2275.4,1.727
3933.1,2279.4,1.7262
3566.8,2290.9,1.5572
3819.9,2281.2,1.6743
4649.3,2311.1,2.0123
3826.4,2272.3,1.6843
4566.2,2283.9,2.0003
4151.7,2293.7,1.8095
3771.8,2273.8,1.6588
4682.4,2296.4,2.0388
3948.7,2289.1,1.7244
4418,2283,1.935
3762.1,2274.2,1.655
4013.4,2288,1.7548
3950.9,2299.6,1.7187
3737.2,2362.7,1.5817
4451.9,2335.2,1.9066
4113.9,2255.8,1.8236
4270.8,2262.4,1.8883
3273.4,2261.2,1.4475
3658.6,2247.4,1.6279
3098.7,2249.9,1.3774
3548.9,2254,1.5749
3044.8,2308.9,1.32
3169.6,2262.9,1.4005
3819.7,2262.8,1.6884
3324.6,2263,1.4691
3374,2264,1.4905
3447.3,2259.8,1.5258
3497,2293.8,1.5248
3055.1,2294.7,1.3317
3564,2301.9,1.548
4717.7,2301.3,2.0515
4045.8,2278.3,1.7759
3127,2201.1,1.4208
4545.1,2316.2,1.9617
3354,2273,1.4757
3668.9,2298.8,1.596
4238.1,2284.6,1.8553
3736.6,2282.9,1.6377
3880.2,2273.8,1.7067
3857,2469,1.5679
3748.6,2280.2,1.6439
3938,2315.4,1.7014
3878.8,2283.9,1.6987
4318.4,2280.9,1.8936
3977.4,2295.4,1.7319
3911.8,2285,1.7119
4516.4,2277.8,1.9829
3873.3,2313.4,1.6739
4185,2297.7,1.8217
4503.3,2295.4,1.9615
3941.1,2280.2,1.7288
3928.1,2288.7,1.716
3955.1,2293.1,1.7251
3941,2326,1.6943
4081.1,2298.8,1.7757
4165.6,2303.3,1.8083
3719.6,2282.3,1.6299
4221,2292.2,1.8416
3820.4,2275.2,1.6793
4087.2,2305.1,1.7727
3742,2279.2,1.6417
3917.2,2304,1.7008
4192,2283.9,1.8357
3648,2385.9,1.5308
4051.9,2262.8,1.7901
4066.2,2283.3,1.7813
3918.6,2254.3,1.7386
3994.6,2294.6,1.7414
3842,2283.7,1.6825
3763.7,2291.2,1.6425
4238.2,2281.1,1.8569
4096.7,2276.3,1.7995
4381.6,2289.1,1.914
3551.8,2282.1,1.5564
4355.3,2317.3,1.879
4282.6,2291.9,1.8682
3564.2,2276.3,1.5661
2570.8,2276.9,1.1292
3854.7,2457.8,1.569
4422.8,2288.1,1.9337
4135.6,2299.6,1.7989
3994.8,2287.8,1.7463
4080.6,2294.9,1.7783
4903.6,2278.4,2.1525
3154.6,2233.7,1.4124
3240.8,2262.9,1.4322
3547.7,2323.8,1.5264
3392.9,2271.8,1.4935
3599.6,2296,1.569
4026.7,2248,1.7916
3753,2290.9,1.639
3392.1,2243.2,1.5124
4143.4,2261.3,1.833
4174.8,2311.4,1.806
3695.7,2253.6,1.6402
2574.1,2274.9,1.1317
3696.6,2276.8,1.6239
3647.4,2255.4,1.6172
2705.9,2299,1.1771
4054.1,2308.9,1.7551
4234.8,2296.4,1.8444
4377.9,2274.7,1.9246
3792.2,2286.7,1.6584
4699.7,2283.4,2.0593
3889,2287.9,1.7001
3902.2,2290.7,1.704
3774.4,2281.2,1.6548
3710.1,2286.8,1.6224
3664.9,2280,1.6075
3962.3,2302,1.721
3968.1,2269.8,1.7479
3705.1,2248.1,1.648
4079.4,2287,1.7835
3797.8,2265.8,1.6761
3945.1,2280.2,1.7301
4058.1,2295.3,1.768
4008.8,2257.7,1.7753
4384.8,2280.9,1.9225
3604,2294,1.5712
3858.7,2280,1.6921
4296.4,2277.9,1.8868
4123.4,2287.3,1.8033
3755.3,2256.7,1.6644
4409.4,2278.3,1.935
3770.6,2250.7,1.6757
3567.7,2263.3,1.5765
4394,2278.9,1.9288
3523.3,2263,1.5568
4286.2,2327.4,1.8426
3843.2,2286.8,1.6806
3956.3,2272.7,1.7409
4084,2270.4,1.7994
3813.9,2267.1,1.6815
4203.1,2281.6,1.842
4290.3,2261.8,1.8962
4407.6,2289.6,1.9253
4226.3,2258.9,1.8707
4306.3,2268.9,1.8982
4477.6,2279.7,1.9639
4097.8,2253,1.8189
4364.9,2273.3,1.9195
4112.3,2268.3,1.8126
3872.6,2359.4,1.6431
3763.3,2249.3,1.6738
4100.6,2268,1.8081
3659.7,2281,1.6045
5088.4,2281,2.2324
3729.4,2319.6,1.6083
4420,2288.3,1.9313
3783.3,2258.7,1.6748
2652.1,2299.1,1.1536
3666.3,2264.8,1.6185
3463.3,2267.7,1.5276
3559.1,2215.1,1.6069
3205.8,2260.1,1.4183
3736.6,2239.7,1.6681
2980.2,2245.7,1.3272
3731.2,2256,1.654
3479.4,2226.9,1.5627
3440.8,2271.7,1.5145
3559.7,2273.4,1.5653
3502.8,2274.2,1.5404
3532.7,2253.8,1.5674
4295.6,2252.7,1.9075
4024.9,2273.1,1.771
3453,2252.2,1.5333
3896.6,2210.3,1.7626
3641.6,2270.2,1.6038
3730,2266.4,1.6457
3936.6,2262.9,1.739
3480,2330.6,1.4947
4267.1,2298.1,1.857
3693.9,2282,1.6186
3832.9,2303.4,1.6647
3403.9,2253.9,1.5104
3500.8,2267.6,1.5434
3468.2,2281.2,1.5202
3691,2323.8,1.5892
3863.8,2267.1,1.7045
3620.6,2308.8,1.5688
3770.8,2292.2,1.6448
3491.4,2286.4,1.5271
3523.3,2268.3,1.5536
4021.3,2277.2,1.7662
3577.8,2290.7,1.5619
3352.9,2305.6,1.4543
3783,2383.2,1.5887
3903.9,2288.6,1.7054
3727.8,2342.9,1.5911
3642.1,2260.8,1.6111
4143.1,2269.8,1.8247
3638.7,2295.3,1.5864
3630.9,2289,1.5859
4210.7,2286,1.8417
3867.1,2285.2,1.6922
3688.1,2276.8,1.6201
4271.2,2277.8,1.8753
3677.7,2291.2,1.6053
3887,2286.8,1.7
3783.3,2263,1.6721
3680.1,2282.8,1.6125
4185.6,2285.7,1.8312
3896.2,2278.4,1.7096
3875.1,2272.7,1.7051
3919.4,2276.4,1.7217
3646.7,2276.4,1.6018
3725,2321.9,1.6062
4130.8,2266.9,1.8229
3672,2399,1.5318
3657.9,2345.3,1.56
3616.8,2264.7,1.5972
3626.8,2285.3,1.5868
3751.2,2347.8,1.5992
3789.3,2319.3,1.6342
3667,2281,1.6077
3790.4,2257.8,1.6789
4061.4,2273.7,1.7859
4025.7,2272.1,1.7717
3842.4,2271,1.6924
3815.7,2267.3,1.6828
3983.2,2258.3,1.7642
3932.6,2285.1,1.7215
3740.9,2313.3,1.6175
3814.1,2262.2,1.686
3801.7,2273.7,1.672
4048.4,2265.3,1.7873
3726.2,2259.4,1.6491
4537.4,2267,2.0019
3833.7,2262,1.6949
3677.3,2263.4,1.6246
5263.1,2286.2,2.3043
4362.8,2281,1.9125
3890.3,2265,1.718
4362,2272.2,1.9203
4099.6,2266.1,1.809
4082.6,2254.9,1.8105
3984.8,2279.3,1.7488
3904.8,2269.3,1.721
3717.6,2262.9,1.6427
5041.1,2271.1,2.2195
4624.4,2266.1,2.0401
4067.4,2244.8,1.8114
4420.1,2293,1.928
4352.8,2276.1,1.9126
4287.4,2251.8,1.9037
4327.8,2274.1,1.9037
4068.2,2271.7,1.7909
4635.7,2282.7,2.031
4919.7,2274.3,2.1637
4262.2,2264.2,1.8823
4399.1,2260.3,1.9461
5313,2270.1,2.3404
4231.3,2275.3,1.8602
4273.4,2268.1,1.8838
4233.6,2302.6,1.8396
4007.3,2286,1.753
4082.7,2256.2,1.8096
4338.6,2264.6,1.9163
3941.2,2260.7,1.7433
4688.4,2271.1,2.0642
4029.6,2266.1,1.7782
4270.1,2305.7,1.8527
4345.8,2293,1.895
4093.4,2263.4,1.8083
4164.2,2263.6,1.8395
4362.1,2270.8,1.921
4075.4,2252.2,1.8093
4386,2278.9,1.9248
4069.9,2269.3,1.7942
4617.3,2274,2.031
4005.9,2259.4,1.7732
4010.6,2249.7,1.7827
4787.8,2255.9,2.1222
3983.1,2269.7,1.7553
4572.1,2270.1,2.0136
4252.7,2276.3,1.8687
3825.1,2271.4,1.6837
4186.9,2257.1,1.8553
4615.4,2266.4,2.0356
4374.8,2255.8,1.9392
4746.8,2267.1,2.0936
4027.7,2244.3,1.7941
5164.6,2266.4,2.2791
4306.1,2265.2,1.901
4363.1,2268.7,1.9226
4814.4,2258.8,2.1305
4179.4,2262.8,1.8484
4355.6,2274.6,1.9139
4530.7,2278.4,1.9886
4212,2277.3,1.8489
4605.7,2258.9,2.0402
4255,2253.6,1.888
4980,2264.3,2.1998
5866.9,2264.1,2.5911
4108.8,2287.9,1.7958
3043.8,2227,1.3669
3513.3,2242.7,1.5667
3662.3,2236.3,1.6379
3150.7,2229.3,1.4136
3889.4,2240.1,1.7362
2760.6,2202.9,1.2532
4312.8,2265.8,1.9034
4008.3,2276.9,1.7602
4170.7,2252.4,1.8521
3923,2219.1,1.7689
4276.7,2262.4,1.8901
4347.2,2279,1.9077
4308.3,2277.6,1.8915
4613.9,2279.7,2.0242
4064.3,2268.7,1.7915
4319.1,2274.1,1.8994
4220.7,2256.7,1.8706
4352.1,2263.6,1.9227
4337.1,2270.2,1.9106
4204.3,2256.4,1.8635
5040.1,2263.7,2.2273
4052.3,2252.3,1.799
4343.3,2284.6,1.9015
4320.2,2259.6,1.9125
4440.2,2282.9,1.945
3669.8,2250.1,1.6311
4041.9,2278.1,1.7743
4035.6,2255.6,1.7893
5146.1,2265.7,2.2711
4651.9,2255.2,2.063
4387.1,2254.4,1.9461
4884.2,2274.7,2.1477
4245.9,2274.4,1.8676
4394.4,2276.4,1.9301
4642.2,2265.3,2.049
4549.2,2270.2,2.0035
4732,2277.9,2.0773
4448.6,2261.9,1.9669
3766.6,2263,1.6643
4427.9,2270.4,1.9498
4503.8,2271.6,1.9827
3980.6,2274.1,1.7507
4480.3,2262.6,1.9802
3995.8,2280,1.7525
4801.8,2267,2.1184
4055.2,2280.8,1.7781
4507.8,2284.1,1.9739
4294.3,2270.1,1.8913
4835.9,2273.1,2.127
4965.7,2269.8,2.1876
3951.2,2261.1,1.7473
4157.9,2263.6,1.8369
4651.6,2267.3,2.0515
4379.2,2256.8,1.9399
4604.6,2280.8,2.0192
4024,2270.7,1.772
4333.6,2269.8,1.9098
4243,2265.2,1.8732
4179,2268.3,1.8424
4192,2277,1.8407
4100.4,2276.2,1.8012
4712.6,2273.4,2.0726
3981.1,2265.7,1.7571
4399.9,2249.7,1.9557
4715.4,2277.1,2.0711
3898.4,2268,1.7177
4538.6,2282.3,1.9884
4573.3,2268.2,2.0162
4316.2,2274.4,1.8982
4153.9,2303.7,1.8031
4650.8,2280,2.0401
3313.2,2231.2,1.4848
2996.4,2237.7,1.3391
3365.2,2247.8,1.4972
2796,2114.7,1.3225
4483.1,2256.2,1.9874
2991.4,2234,1.339
3373.6,2265.1,1.4895
5228.3,2269.4,2.3035
4699.6,2263.1,2.0771
4689.8,2283.2,2.0533
3887,2246.3,1.7299
2628.1,2201.6,1.1937
4433.9,2282.1,1.9429
4073,2265.7,1.7978
3960,2345.4,1.6886
4881.8,2268.7,2.1524
3979,2255.1,1.7647
2698.9,2310.8,1.1681
2486,2277,1.0918
4077,2275,1.792
4460.1,2280.3,1.9557
4445,2302.7,1.9298
4206.1,2258.2,1.8626
4477.3,2262.1,1.9777
3203.4,2196.2,1.4585
3381.3,2234.8,1.5131
3130.4,2245.2,1.3942
3478.6,2250.2,1.546
4175.4,2269,1.8401
3081.9,2274.3,1.3549
5381.6,2277.4,2.3634
5062.2,2271,2.2293
3302.2,2333.9,1.4148
5037.2,2275.6,2.214
4212.1,2280.1,1.8471
4745.6,2288.8,2.0732
4245.6,2275.4,1.8657
4498.8,2264,1.987
3968.8,2280.8,1.7399
4192,2277.6,1.8401
4045,2276.3,1.7772
4004.8,2274.9,1.7602
4016.7,2274.8,1.7657
4058.3,2267.2,1.79
4115.4,2275.9,1.8081
4486.2,2274,1.9729
4236.8,2273,1.8637
4378.7,2282.9,1.918
4577.6,2278,2.0094
6058.1,2282.2,2.6555
4477.4,2256,1.9847
4455.1,2267.3,1.9653
4992.9,2269.7,2.1996
4442.9,2243.2,1.9801
4321.6,2281,1.8948
5204.2,2275.1,2.2879
4542.4,2278.8,1.994
4375.8,2272.6,1.926
4494.3,2269.9,1.9801
4436,2255.1,1.9669
4236.1,2265.2,1.8705
4314.7,2271.8,1.9002
4263.2,2273.1,1.8759
4510.7,2260.3,1.9956
4583.3,2268.7,2.0204
4027.6,2249.7,1.7904
4339.1,2259.8,1.9203
5164.7,2268.9,2.2766
4346.7,2299.2,1.8909
3275.8,2207.4,1.4838
2459.7,2270.1,1.0835
3173.4,2215.9,1.4317
2469.8,2263.7,1.0912
5008.7,2290.1,2.1852
4190.3,2274.9,1.8423
4019.4,2277.8,1.7642
3124.6,2206.7,1.4158
4066.6,2287.1,1.7783
4320.4,2311.9,1.8685
3989.7,2269.7,1.7579
3826.1,2278.2,1.6795
3806.8,2268.7,1.6782
3641.6,2278,1.5986
3854,2268.2,1.6983
4073.8,2262.7,1.8001
3757.3,2274.8,1.6518
4386,2279.4,1.9241
4336.3,2266.1,1.9134
4192.9,2275,1.8432
4307.8,2266.2,1.9008
4128.4,2269.2,1.8189
3746,2263,1.6555
4101.7,2279.7,1.799
4184.7,2276.7,1.8381
3703.7,2267.9,1.6332
3912.9,2294.6,1.7055
3860.8,2257,1.7106
4180.6,2276.8,1.8361
4765,2251.3,2.1177
4129.6,2268.1,1.8207
4273.8,2303.4,1.8558
4209,2252.2,1.8691
4295.4,2275,1.8882
4773.3,2262.1,2.1103
4145.7,2266,1.829
5220.8,2281.2,2.2891
4756.4,2270.8,2.0951
3909.7,2252.3,1.7364
4467.4,2282.4,1.9576
4066.1,2273.4,1.7881
4350.8,2261.7,1.9241
3399.8,2254.7,1.5078
4561,2258.3,2.0199
4696.6,2261.1,2.0772
3373.1,2245.2,1.5024
3459,2276.1,1.5198
4604.4,2280.2,2.0191
4261.6,2268.3,1.8795
3495.9,2207.4,1.5845
4251.2,2267.9,1.8747
5107.7,2262.9,2.2587
4553.3,2289.7,1.9892
4101.4,2273.3,1.8049
3935.7,2262.8,1.7399
4245.4,2273.8,1.8674
4424,2249.1,1.9663
4028.4,2276,1.7701
3643.6,2260.4,1.6125
3521.3,2260.8,1.5576
3836.3,2257.3,1.7
3955.4,2278.7,1.7359
3917.7,2255,1.7372
4280.1,2273.7,1.8821
4221.4,2263,1.8653
4337.3,2252.8,1.9256
4516.4,2264.9,1.9933
4255.1,2269.8,1.8749
4510.6,2272.8,1.985
4108,2266.1,1.8135
4127.6,2275.3,1.8143
3952.2,2259.7,1.7493
3855,2267.3,1.7005
4616.7,2248.2,2.0533
4859.4,2259.9,2.1508
3785.7,2248.7,1.6832
3429.7,2234.2,1.535
3203.9,2228,1.4384
3501,2226.3,1.5724
3233.9,2237.2,1.446
3319.2,2237.1,1.4838
3607,2221.1,1.6246
4766.3,2278.7,2.0917
4869,2294.3,2.123
3811.1,2224.1,1.7143
3072.9,2199.6,1.3971
4092.9,2298.3,1.7802
4893.2,2254.8,2.1699
4468.4,2260.6,1.9767
4726.7,2292.1,2.0626
4193.4,2273.9,1.8452
3988,2266.1,1.7603
4068.3,2260.6,1.8003
3931.8,2326,1.6898
3396.2,2353.6,1.4448
4638.3,2301.9,2.0154
4004.9,2274.2,1.7615
3757,2277.4,1.6498
3877.4,2265.4,1.7118
3890.4,2261.6,1.7196
3732,2275.4,1.6411
3920.3,2377.3,1.6489
3521.7,2293.4,1.5344
4096.7,2266.9,1.8072
3588.7,2264,1.5848
3708.1,2275.1,1.6298
3605,2280.7,1.5809
3847.6,2271.6,1.694
3626.1,2264.2,1.6013
4688.3,2314.6,2.0227
4563.1,2273.1,2.0077
3851.4,2301.1,1.6742
4044.9,2279.9,1.7741
3768.2,2277.2,1.6545
4271.4,2287.6,1.8674
3661,2294.9,1.5949
3045,2180.2,1.397
3872.3,2332.6,1.6619
3938.4,2263.2,1.7407
3762.2,2260.1,1.6649
4007.8,2287.4,1.7522
4083,2249.7,1.8148
4170.6,2270,1.8367
4373.9,2260.8,1.9346
4085.6,2276.7,1.7956
4820.7,2275,2.1192
3926.6,2249.1,1.7457
3948.6,2289.9,1.7246
4143.4,2264,1.8303
3857.6,2269.8,1.6999
3952.7,2286.9,1.7284
4218.9,2262.3,1.8648
3928.4,2256,1.7409
4071.1,2265.8,1.7969
4568,2280.8,2.0033
4301.3,2270.4,1.8949
2654.2,2282.3,1.163
4211.9,2281.2,1.8465
2606.3,2239.3,1.164
4027.2,2267.2,1.7766
3717.3,2328.6,1.5963
3650.1,2261.1,1.615
3818.3,2266.1,1.6856
4283,2266.3,1.8891
4318.7,2318.1,1.8631
4120.9,2272.6,1.8137
3976,2305.1,1.7243
5561.1,2276.8,2.4447
3363.1,2247.3,1.4964
3095.7,2240.6,1.3817
3723.9,2239,1.6631
3689.4,2268.1,1.6267
4281.8,2388.6,1.7953
3560.3,2240.2,1.5897
4592.1,2281.3,2.0127
4243.1,2267.4,1.8718
4078.4,2262.7,1.8026
3806.7,2277.2,1.6722
4269.6,2262,1.888
4162.1,2273.2,1.8314
3994.7,2265.2,1.7638
4101.9,2271.6,1.8058
3882.6,2249,1.7262
3830.2,2264.8,1.6912
4024.3,2271.3,1.7718
4211.1,2258.3,1.8645
3972.1,2260.6,1.7572
4167.6,2261.7,1.8426
4470.3,2267.7,1.9715
4378.2,2250.6,1.9459
4738.3,2269.9,2.0875
4275.7,2250.1,1.9007
4433.3,2277.9,1.9465
4259.4,2274.1,1.8732
4670,2277.1,2.0515
4102.8,2266.6,1.8099
4076.8,2268.7,1.7962
4211.1,2257.2,1.866
4143.8,2271.7,1.8244
4272.9,2257.7,1.8921
4069.1,2271,1.7915
4284.1,2263.2,1.8935
4297,2265.3,1.8974
4294.7,2284.9,1.8794
4397.8,2268.2,1.9383
4291,2257.7,1.9005
4358.4,2282.9,1.9083
4038.7,2262.9,1.7849
4108.3,2320.8,1.7703
3995.8,2268.1,1.7615
