0,13198,6853,1.9259,1.9259
0.99999,1203.6,98.392,12.233,12.233
2,1691.6,76.84,22.015,13.492
2,1553.8,46.247,33.598,14.16
3,2019.3,59.224,34.096,21.95
4,1566.3,110.61,14.16,21.95
5,1553.7,24.41,63.65,22.015
6,1385.5,102.69,13.492,22.015
6,1696.9,58.134,29.189,22.975
8,1360.4,59.211,22.975,27.563
9,1863.6,53,35.162,27.563
10,2105.5,95.923,21.95,22.975
10,1227.9,97.854,12.548,22.005
11,1992.7,38.206,52.155,22.975
13,2053.1,103.86,19.769,22.975
14,2441.3,55.696,43.832,22.975
15,1612.3,58.496,27.563,22.005
16,1718.2,78.084,22.005,21.95
16,1835.7,163.34,11.238,21.142
17,1389.9,65.741,21.142,19.769
19,1990.8,23.349,85.264,19.769
20,1642.6,59.987,27.382,19.769
21,1476.3,98.936,14.922,17.783
21,1527.6,147.83,10.333,15.62
22,1551.2,99.308,15.62,15.62
23,1364,125.6,10.86,14.922
23,1338.5,140.91,9.4987,14.922
24,1410.9,79.339,17.783,14.922
24,1814.1,49.651,36.538,14.922
25,1699.6,184.29,9.2228,14.922
27,1528.1,214.16,7.1355,15.62
27,1763.7,88.604,19.905,15.62
28,634.89,96.782,6.56,17.556
29,240.15,81.139,2.9598,17.556
31,1470.5,83.09,17.697,17.556
32,1484.8,66.244,22.414,17.556
33,2033.9,115.85,17.556,13.782
34,2994.9,44.175,67.797,13.782
35,1660.4,120.47,13.782,13.782
37,1563.7,24.311,64.319,13.782
38,1421.2,112.11,12.677,13.782
39,1261.3,120.89,10.433,16.929
40,1878.1,84.054,22.344,13.782
41,1277.7,101.08,12.641,13.782
41,1413.4,118.41,11.937,13.782
42,1529.2,130.9,11.682,13.782
42,1718.5,101.51,16.929,16.929
43,1604.2,140.79,11.394,15.086
43,1840.6,98.05,18.773,16.929
45,313.38,113.64,2.7576,16.929
47,1579.5,21.987,71.837,16.125
47,1332.3,71.318,18.681,16.929
48,1660.3,63.681,26.072,16.929
49,1426.4,71.901,19.838,18.52
50,1885.9,125.02,15.086,18.681
51,1545.5,83.453,18.52,18.681
51,1501.8,93.134,16.125,18.52
53,1523.1,171.25,8.8942,18.52
54,2694.2,83.483,32.272,16.125
55,692.41,158.78,4.3608,15.215
56,2141.9,67.427,31.766,15.086
57,1926.8,101.38,19.006,14.157
58,1495.9,131.79,11.351,13.975
59,1543.4,194.45,7.9374,13.975
60,1497,105.74,14.157,13.975
61,1328,87.28,15.215,14.157
62,1457.5,104.29,13.975,14.157
62,1183.6,90.308,13.106,14.157
64,1567,226.97,6.904,14.157
65,1218.5,122.17,9.9745,14.157
66,1458.6,90.843,16.057,15.215
67,1491.1,60.367,24.701,16.057
68,2595.7,131.72,19.706,17.359
68,1992.4,65.244,30.538,17.359
69,1748.7,136.29,12.831,17.359
70,2032.5,75.666,26.861,17.359
71,1509.4,71.405,21.138,17.882
72,1789.5,103.09,17.359,17.882
73,1637,91.543,17.882,17.882
73,2528.7,75.824,33.349,17.882
74,1319,153.33,8.6024,17.359
75,1592.4,118.18,13.475,17.359
76,1409.4,135.38,10.41,17.882
78,2103.7,71.834,29.286,17.882
78,1867.4,121.76,15.337,17.359
79,1427.2,103.37,13.807,15.337
80,1621.1,57.039,28.42,15.337
80,1453.4,143.65,10.118,15.337
81,3122.7,133.24,23.436,19.791
81,1900.3,43.554,43.632,19.791
82,2570.7,50.92,50.485,19.791
83,924.42,122.22,7.5639,19.791
83,739.08,142.34,5.1922,19.791
84,3203,52.081,61.5,20.186
85,2630.3,71.854,36.606,20.186
86,1295.4,65.452,19.791,20.186
87,1454.9,122.58,11.869,19.791
88,1492.7,98.284,15.187,19.791
88,1368.7,57.776,23.69,19.791
90,1658.7,98.909,16.77,20.186
90,1718.6,85.139,20.186,20.186
91,1478.8,37.961,38.956,20.186
92,1317.2,67.576,19.492,20.186
93,1549.5,81.562,18.997,22.579
93,1960.1,42.624,45.986,23.69
94,1618.1,66.355,24.385,23.864
95,1860.8,35.951,51.759,24.099
96,1248.7,68.907,18.121,24.385
98,1598.6,66.987,23.864,27.209
99,1507.4,66.759,22.579,27.209
100,1545.1,56.787,27.209,27.209
101,1928.5,58.299,33.08,27.209
102,2168.1,46.602,46.523,27.209
103,2179.6,90.443,24.099,27.209
105,1960.4,66.818,29.34,26.356
106,2126.9,57.224,37.168,26.356
107,2780.1,64.965,42.794,26.356
107,2283.8,86.652,26.356,26.356
108,2166.2,122.99,17.613,24.099
109,2222.8,27.972,79.467,23.043
110,1543.7,170.2,9.0699,17.613
111,1715.9,74.466,23.043,17.613
112,1568.4,138.02,11.364,17.613
113,1583.5,141.27,11.209,14.622
114,1369.9,181.64,7.542,12.814
115,1700.6,132.71,12.814,12.814
116,1489,239.64,6.2136,12.814
117,1249.9,107.79,11.596,11.596
119,2463.8,110.98,22.2,12.814
119,2918.8,126.71,23.035,12.814
120,2122.1,145.14,14.622,14.622
121,1742.2,239.73,7.2671,14.622
123,1472.4,80.125,18.377,14.622
124,2006.5,123.03,16.308,15.665
125,1503.6,142.52,10.551,16.308
126,1596.1,101.89,15.665,16.726
128,3206.8,66.727,48.058,16.726
128,2306,66.446,34.705,16.308
130,1157.4,139.93,8.2709,16.726
131,1350.7,230.04,5.8715,18.377
132,1923.8,68.582,28.051,20.295
133,1605.4,95.979,16.726,24.157
134,1638.2,39.602,41.366,25.42
135,1476.3,72.745,20.295,25.42
136,1251,79.77,15.683,24.157
136,1408.8,58.319,24.157,24.157
137,2412.6,48.285,49.966,25.42
138,1908,68.693,27.776,25.42
139,1610.6,41.025,39.258,25.42
140,1541.4,60.637,25.42,25.42
140,1488.8,90.698,16.415,25.42
142,1524.5,76.347,19.969,25.42
142,1904.2,38.095,49.985,25.42
144,2690.1,67.942,39.594,25.42
145,1455.8,65.594,22.193,25.42
146,2497,43.813,56.991,24.577
147,1712.2,256.07,6.6863,22.35
148,1883.3,64.72,29.1,22.35
149,1517.4,70.799,21.433,22.35
150,252.72,40.308,6.2696,22.35
152,1643.5,73.535,22.35,22.193
152,2480.1,65.469,37.881,22.193
153,2057,83.697,24.577,21.433
154,1504.5,109.13,13.786,21.433
155,1500.9,65.499,22.915,21.433
156,1438.7,107.51,13.382,20.67
156,1384.4,122.67,11.286,20.67
157,1280.4,114.14,11.218,22.35
158,1687.6,62.597,26.959,22.915
159,1787.9,91.431,19.555,22.915
160,1666.7,66.436,25.087,22.915
161,1842.5,89.142,20.67,25.087
162,2094.3,113.59,18.437,25.087
163,2536.2,64.683,39.209,25.087
164,2198,59.549,36.911,25.373
166,2041.1,68.953,29.601,26.639
166,2123.1,83.674,25.373,25.373
167,1609.2,36.444,44.156,25.373
168,2506.6,54.344,46.125,25.373
169,1453.7,72.047,20.178,26.639
170,1500.5,78.078,19.218,29.601
172,1785.5,67.026,26.639,29.601
173,1835.3,44.774,40.989,29.601
174,1855.4,99.158,18.712,27.349
175,1510.2,185.08,8.1598,27.349
176,1558.5,71.624,21.76,26.639
177,1353.8,28.856,46.916,26.639
178,1791.3,57.682,31.054,26.639
178,1462.5,45.114,32.417,26.639
179,1783.9,40.745,43.783,27.349
180,1708,62.452,27.349,27.349
181,1472.2,69.277,21.252,27.349
182,1653.9,121.85,13.574,27.349
183,1769.1,39.862,44.381,27.349
184,1578.9,60.878,25.936,25.936
185,1800.8,77.073,23.365,23.365
186,1333.2,46.591,28.615,21.252
187,2095.1,70.256,29.82,21.252
188,1515.8,104.73,14.474,15.239
189,1424.4,222.49,6.4024,14.474
190,1381.8,104.12,13.271,15.239
192,1485.8,179.21,8.2906,14.474
193,1491,97.841,15.239,14.474
194,2019.3,152.4,13.25,13.271
194,2877.1,124.09,23.184,13.271
196,1380.6,152.21,9.0701,13.271
196,1521.5,139.49,10.908,13.271
199,1341.7,60.735,22.091,14.766
200,1389.1,183.27,7.5794,14.766
201,1665.2,112.77,14.766,15.239
202,1599,143.82,11.118,14.766
203,1955.1,61.946,31.561,14.766
203,1650.3,104.09,15.855,14.766
204,1350.7,74.159,18.214,15.855
206,1556.6,96.266,16.169,16.169
206,1560.5,117.42,13.29,16.169
207,1534.1,85.904,17.859,16.343
208,1630.3,138.29,11.789,17.401
209,1852.4,165.01,11.226,17.859
210,1436,60.596,23.698,17.859
212,1737.1,99.829,17.401,18.214
213,1593.2,97.485,16.343,18.368
214,1728.1,94.087,18.368,18.368
215,2282.2,112.24,20.334,20.334
217,2593.4,69.975,37.061,20.334
217,2212.3,48.918,45.224,20.334
219,1812.3,81.3,22.292,20.334
219,1864.2,62.169,29.987,19.036
220,1689.4,69.663,24.251,19.036
221,1637.5,124.35,13.168,19.036
222,2021.5,57.845,34.947,19.036
224,1353.1,86.511,15.641,15.784
224,1329,160.97,8.2567,15.641
225,1615.9,102.38,15.784,13.706
226,1843,96.815,19.036,13.502
227,1515.3,146.06,10.374,13.502
227,1484.9,128.59,11.547,13.502
228,1386.3,102.67,13.502,13.706
229,2059.2,154.22,13.352,13.502
230,1872.4,136.61,13.706,13.352
231,1544.4,139.46,11.074,13.502
232,1423.2,112.73,12.625,13.502
233,2350.3,135.08,17.4,13.352
234,2787.1,107.23,25.991,13.502
235,1271.1,27.646,45.979,13.706
236,447.41,157.21,2.8458,13.706
237,1212.1,318,3.8116,13.706
239,2022.1,126.97,15.926,12.625
240,1820.6,81.644,22.299,15.926
241,1533.8,167.61,9.1509,17.087
242,2200.4,128.78,17.087,17.087
244,1395.3,48.682,28.662,17.087
245,1491,144.33,10.331,17.087
246,343.22,93.42,3.674,17.288
248,1566.6,140.1,11.182,17.337
249,1534.4,88.758,17.288,22.299
250,1673.7,70.693,23.676,17.337
251,1225.2,52.635,23.278,17.337
252,1575,62.86,25.055,23.278
253,1758.2,101.41,17.337,23.278
254,2314.1,65.342,35.415,23.278
255,1580.1,64.54,24.483,23.278
255,2102.3,63.918,32.891,23.278
256,1740.4,101.21,17.197,23.278
257,1481.3,210.2,7.0468,21.389
258,1810,73.308,24.691,19.651
259,1553.6,65.577,23.692,19.651
260,1926,157.92,12.196,19.699
261,1939.3,126.63,15.315,19.699
261,1533.1,78.02,19.651,19.699
262,1968.3,92.025,21.389,19.699
262,1224.2,106.81,11.462,19.699
263,1638.4,90.075,18.189,19.699
264,2387.5,121.2,19.699,19.699
264,2382.9,72.062,33.067,19.699
265,1562.4,55.726,28.037,19.699
265,1492.1,63.565,23.474,20.904
266,1411.9,50.02,28.226,20.904
268,2330.6,119.54,19.497,19.699
269,1433.3,84.253,17.012,20.904
269,1569.3,68.015,23.073,20.904
270,1637.1,78.313,20.904,20.904
271,1677.2,104.91,15.988,19.497
271,1794.2,54.009,33.22,19.388
272,1437.8,74.161,19.388,19.343
273,1563.5,86.878,17.997,17.997
274,2203.6,60.259,36.569,17.012
276,1566.8,97.25,16.111,17.405
277,1830.8,94.649,19.343,17.405
277,1409.6,108.51,12.991,17.405
278,1444.5,121.69,11.871,17.997
279,1522.9,117.53,12.958,17.405
280,1904.1,118.3,16.096,17.405
281,1653.3,146.85,11.258,17.405
282,1669.4,95.91,17.405,17.405
283,2189.8,115.26,18.999,17.873
283,1914.9,86.793,22.063,17.405
284,1806.8,90.142,20.044,17.873
285,1383.4,122.03,11.337,18.999
286,2343,63.508,36.893,18.999
287,2243.6,74.003,30.318,18.999
288,1805.6,101.03,17.873,18.999
289,1639.8,79.009,20.755,18.999
290,1501.6,208.8,7.1917,20.044
290,2291.6,86.159,26.597,20.044
291,2239.4,77.679,28.829,20.755
292,1726.6,149.23,11.57,20.755
293,1567.9,140.16,11.186,20.755
294,1836.1,158.03,11.619,20.755
295,1760.3,242.88,7.2478,23.564
296,2761.3,79.3,34.821,26.597
297,2136.6,22.868,93.429,28.829
298,1911.9,35.889,53.274,28.829
299,1550.5,93.228,16.632,26.45
300,1559.3,45.363,34.374,26.45
302,1454.9,61.741,23.564,34.374
302,1965.5,36.538,53.793,34.821
304,1713,22.122,77.436,34.821
305,2777,34.089,81.463,35.771
306,1613.3,70.228,22.972,35.771
306,1755.5,66.369,26.45,34.374
307,1668.4,192.28,8.6772,34.374
309,2762.1,60.019,46.022,32.978
309,1600.5,40.117,39.896,32.978
311,2034.5,61.693,32.978,31.952
312,1743.4,48.738,35.771,31.121
313,1761.7,36.875,47.776,31.121
313,1609.2,68.992,23.324,31.121
314,2074.8,64.936,31.952,31.952
315,1570.1,52.71,29.788,32.978
316,1794.4,57.995,30.941,32.978
318,2327.3,79.959,29.107,32.978
319,1693.2,54.405,31.121,31.952
320,1736,51.792,33.52,31.121
322,1933.5,101.63,19.025,30.941
323,1639,46.214,35.464,30.941
324,3066.5,18.629,164.61,30.941
325,3185.2,63.607,50.077,30.941
326,1827.7,52.023,35.133,30.912
327,2180.5,77.615,28.094,30.912
329,1508.6,94.381,15.984,28.094
329,2004.6,64.849,30.912,27.74
330,1973.6,141.05,13.992,27.74
331,2167.1,67.543,32.085,20.712
332,1560.9,94.133,16.581,18.79
333,2002.6,72.189,27.74,18.79
335,1586.3,127.55,12.437,16.581
336,1442.9,106.23,13.583,16.581
337,1276.5,187.99,6.7906,17.601
338,1721.3,91.61,18.79,16.581
339,1769.9,85.455,20.712,17.601
339,1536.2,185.87,8.2649,17.601
340,1683.3,81.27,20.713,18.146
341,1458.3,191.06,7.6326,17.601
342,2164.5,93.04,23.264,17.601
343,1647.2,93.585,17.601,18.146
344,1638.6,533.17,3.0733,18.146
346,2380.2,131.17,18.146,17.601
346,1811.9,64.158,28.241,16.552
347,1634.6,74.617,21.907,16.552
348,1444.9,313.06,4.6156,16.552
349,1956.8,164.04,11.929,17.601
350,1975.2,66.565,29.673,17.601
351,1494,224.89,6.6433,16.552
353,1639.6,140.29,11.687,18.146
354,1839.8,111.15,16.552,17.89
355,1600.1,163.11,9.81,17.89
356,2656.2,113.75,23.351,17.638
357,2070.9,56.034,36.959,17.638
358,2204.9,58.798,37.499,17.89
359,265.83,149.83,1.7741,17.89
360,1509.7,55.945,26.986,23.351
362,1621.3,90.624,17.89,26.986
363,1680.3,45.881,36.623,26.986
365,1747.9,99.1,17.638,28.008
365,1505.3,106.6,14.121,32.036
366,1935.5,42.691,45.336,32.036
367,1412.3,50.425,28.008,31.418
369,2431.1,75.887,32.036,32.036
369,1767.7,30.009,58.904,34.321
370,1562.5,59.901,26.084,35.083
371,1521.4,44.33,34.321,35.083
372,1949.1,55.558,35.083,35.228
372,1549.6,34.532,44.873,39.807
374,1924.7,61.261,31.418,39.807
375,1834.7,52.081,35.228,39.807
376,1724.6,21.319,80.895,39.807
376,1565.4,24.865,62.957,36.948
377,1845.8,36.516,50.548,39.807
378,1784.6,44.832,39.807,41.486
379,2353.5,34.191,68.834,44.873
380,2068.8,49.868,41.486,41.486
381,2248.4,60.854,36.948,41.486
382,1744.4,59.544,29.296,41.486
383,1563.6,63.189,24.745,39.807
384,1939.1,40.239,48.19,36.948
384,2346,48.915,47.961,29.296
385,2783.3,58.502,47.576,24.745
386,1561.4,184.16,8.4781,21.655
387,1613.2,92.498,17.441,17.441
388,1580,249.97,6.3206,17.441
389,1520,137.05,11.091,17.441
389,1589.1,195.42,8.1317,17.441
390,1878.5,109.67,17.129,17.441
391,2017.4,93.162,21.655,17.441
392,1646.4,141.11,11.668,17.441
393,1771.5,148.62,11.92,17.441
394,1870.7,79.299,23.59,17.129
396,1859.3,31.701,58.651,17.129
396,2526.8,20.075,125.87,21.655
397,2422.1,110.37,21.946,21.655
398,2781.3,60.54,45.941,21.655
399,1662.1,68.194,24.373,21.946
400,1732.6,143.66,12.06,21.946
401,449.58,72.967,6.1614,21.946
403,1493.3,131.48,11.357,21.946
404,1487.7,55.201,26.95,21.946
405,1563.2,97.503,16.032,21.946
406,1727.3,107.96,16,24.373
408,1715.9,56.411,30.418,23.676
409,1573.8,86.408,18.214,23.676
410,1516.9,75.861,19.996,23.676
411,1511.1,43.012,35.131,23.676
412,2141.6,53.294,40.184,23.676
412,1879.2,27.967,67.193,23.676
413,1514.3,48.685,31.103,25.102
414,1496.6,63.21,23.676,30.418
415,1941.9,52.388,37.068,25.102
416,1842.7,89.291,20.637,31.103
416,1473.4,63.812,23.09,35.131
417,1836.6,128.99,14.238,31.103
418,2559,60.136,42.554,29.495
419,1632.1,65.019,25.102,27.163
421,1862.2,47.795,38.962,27.163
422,1465.3,82.684,17.721,27.163
423,1825.5,33.56,54.396,27.163
424,1708.5,41.46,41.209,27.917
424,1434.6,132.96,10.789,27.917
426,1929.2,65.408,29.495,28.212
427,1610.4,59.286,27.163,27.917
427,1688.2,59.84,28.212,27.917
428,1840.6,69.349,26.541,27.351
430,1928.7,52.89,36.466,27.351
430,2044.9,73.25,27.917,27.163
432,1674.7,75.125,22.293,27.163
433,2683.9,29.338,91.483,27.351
434,1847.3,67.541,27.351,27.351
435,2108.5,93.319,22.595,27.351
436,1832.5,79.849,22.949,26.57
437,1878.6,109.3,17.188,26.57
438,1791.1,232.62,7.6996,26.57
439,2264,38.066,59.477,26.57
441,1912.8,41.649,45.927,27.351
442,1562.9,43.853,35.639,27.351
443,606.39,215.18,2.818,29.452
444,2170.4,81.688,26.57,29.548
445,1452.1,55.267,26.274,32.239
447,1586.5,53.868,29.452,32.239
447,2042.3,44.328,46.073,32.239
448,2266,45.591,49.702,32.239
449,1733.5,45.131,38.41,32.239
449,1891.9,64.028,29.548,32.239
450,1765.6,43.743,40.364,34.964
451,2171.7,67.363,32.239,38.41
452,1528.3,56.019,27.281,38.41
452,1505.1,54.69,27.521,38.41
454,1825.7,38.446,47.488,38.41
455,1495.1,37.05,40.353,34.964
456,1658.2,40.951,40.491,34.964
457,2008.3,57.438,34.964,34.964
458,2267.8,45.222,50.148,32.239
459,1978.9,85.668,23.1,31.316
460,1868.2,116.05,16.098,31.316
462,3050.2,59.743,51.056,31.316
463,1080.9,119.38,9.0549,25.408
465,2350,40.568,57.928,23.964
466,2000.5,117.18,17.072,23.964
467,1611.7,51.468,31.316,23.584
468,1764.9,170.96,10.323,23.584
469,1778.7,79.103,22.486,23.584
470,1637.2,64.436,25.408,23.964
471,1897.3,80.447,23.584,23.584
473,1524.5,63.615,23.964,23.964
474,1977.2,72.773,27.169,23.584
475,1480.1,127.77,11.584,23.584
476,2007.1,66.669,30.105,23.584
476,1497.6,67.001,22.352,23.964
478,1802.6,58.507,30.81,23.964
479,1704.6,103.33,16.497,23.584
480,1612.2,42.986,37.505,22.879
481,2022.6,151.15,13.382,22.879
482,1802.8,82.727,21.793,22.879
483,1644.7,42.213,38.961,22.879
484,1533.7,56.815,26.995,22.879
485,1709.9,154.89,11.04,26.142
485,1964.2,118.6,16.561,26.142
486,1841.4,80.485,22.879,26.995
487,1716,65.641,26.142,26.995
487,1570.8,55.029,28.545,27.802
488,2080.1,109.96,18.917,28.126
489,2240,31.654,70.764,27.802
490,2312.4,61.529,37.583,28.126
491,2190.2,77.87,28.126,28.545
492,2659.4,95.655,27.802,29.084
493,2998.4,66.435,45.134,29.084
494,2655.7,37.734,70.38,31.925
495,2096,65.654,31.925,37.583
497,2122.7,80.482,26.375,37.583
497,2473.9,51.965,47.608,31.925
499,2449.2,59.562,41.12,31.192
500,2186.4,75.175,29.084,31.192
501,2241.1,175.3,12.784,31.925
502,2124.5,56.017,37.926,31.192
504,2423.1,12.987,186.57,31.192
505,1767.2,87.701,20.15,29.084
506,1773.1,129.45,13.696,29.084
507,1684,53.989,31.192,21.814
508,1848.6,84.743,21.814,21.814
509,2399.8,74.499,32.213,21.814
510,1752.9,87.349,20.068,21.814
510,2112.7,26.673,79.21,21.814
512,1822.1,145.79,12.498,20.15
513,1558.3,145.15,10.736,21.814
515,1363.8,192.81,7.0734,30.263
515,3124,103.23,30.263,30.263
516,2180.5,57.222,38.106,32.213
517,1157.5,141.72,8.1672,30.263
518,2156,45.238,47.66,30.263
519,1557.8,205.98,7.563,30.263
521,1788.6,54.782,32.649,30.263
522,2346.8,59.577,39.39,30.263
522,1590.5,41.931,37.932,30.263
523,1507.9,32.438,46.487,32.649
524,1526.8,57.706,26.458,32.649
524,1676.8,70.499,23.784,35.115
525,1752.1,49.895,35.115,35.115
526,1459.6,163.9,8.9054,35.115
526,1510.6,55.588,27.176,35.115
527,1671.2,85.865,19.464,27.176
528,2500.5,56.23,44.469,26.458
529,1492.1,35.335,42.227,23.784
530,1816.9,44.425,40.898,19.464
531,3282.2,60.67,54.1,15.528
533,1851.1,119.21,15.528,12.966
534,1492.8,166.85,8.9469,15.528
535,1306.5,100.76,12.966,15.528
536,1662,151.12,10.998,15.528
537,1525,166.67,9.1496,12.966
539,1514.3,129.75,11.67,12.59
540,1830.1,145.36,12.59,11.67
541,1601.5,157.38,10.176,10.998
542,1629.5,98.89,16.478,10.998
542,2020.1,63.741,31.692,11.157
543,1901.9,86.334,22.029,11.157
545,120.77,111.39,1.0843,11.67
545,1593.4,157.08,10.144,12.59
546,1598,168.93,9.4594,16.478
547,1444.6,311.22,4.6418,17.105
549,1622.8,145.45,11.157,17.105
550,1473.2,80.449,18.312,18.312
551,1851.9,108.27,17.105,18.312
552,1673.1,56.51,29.607,17.105
553,1514,70.488,21.479,17.105
555,1464.1,69.446,21.083,17.105
556,1534.4,53.69,28.578,18.312
557,1558.8,200.68,7.7676,18.312
558,1403.3,23.449,59.844,18.312
559,1774.2,54.942,32.293,21.083
561,1616,113.61,14.224,21.083
561,406.46,65.629,6.1934,21.083
562,371.71,38.148,9.7439,16.996
564,2298.8,57.413,40.041,16.996
565,1414.6,180.93,7.8183,16.996
566,1210.1,103.89,11.648,21.544
567,1888.1,63.815,29.587,21.544
568,1619.5,95.287,16.996,17.019
569,1735.3,68.248,25.426,21.544
570,1620.4,100.31,16.154,25.426
572,1600.6,74.293,21.544,25.426
573,1835.9,65.568,28.001,25.426
574,2988.5,69.79,42.822,25.426
575,2174.8,36.436,59.688,28.001
575,1399.6,82.234,17.019,25.426
577,2451.3,78.441,31.25,28.001
577,1614.3,48.548,33.253,28.001
578,1716.7,79.349,21.635,28.001
580,1437.1,31.524,45.587,28.001
580,1465.9,151.83,9.6548,24.617
581,1591.5,41.155,38.671,23.282
582,1304.4,132.05,9.878,23.282
583,1409.9,36.992,38.113,24.617
584,1431.3,88.001,16.265,24.617
584,1446.7,66.582,21.729,23.282
585,1685.9,68.485,24.617,24.617
586,1459.6,78.17,18.672,24.617
588,1440.3,61.862,23.282,24.617
588,1675.2,44.573,37.584,24.617
590,1582.7,55.228,28.658,28.658
591,1529.6,38.608,39.618,24.617
592,1587.2,98.945,16.041,28.658
594,1912.8,55.346,34.561,28.658
595,1618.1,46.854,34.534,34.534
597,1387.5,247.97,5.5956,34.534
598,1826.2,40.355,45.252,34.534
599,1752.3,37.882,46.257,34.534
600,1675,71.065,23.57,34.534
601,1397.3,20.083,69.578,30.431
602,1712.3,68.278,25.078,34.534
603,1616.2,39.688,40.723,30.431
605,1633.5,56.176,29.078,30.431
606,1475.5,68.959,21.398,40.723
607,1538.8,35.208,43.707,33.61
608,2496.7,82.045,30.431,33.61
609,1621.7,56.647,28.629,33.61
610,2360.8,42.781,55.184,33.61
612,1813.5,62.371,29.076,33.61
613,1484.3,34.9,42.53,30.431
615,2432.1,57.12,42.578,30.431
616,1613.4,48.003,33.61,33.61
617,2081.3,52.596,39.571,33.61
617,1531.7,60.766,25.207,33.61
618,1705.3,46.446,36.715,33.61
619,1609.2,57.555,27.959,29.076
620,1512.5,131.37,11.514,27.959
620,2287.9,119.98,19.068,25.207
621,1868.5,22.698,82.322,19.068
622,2076.8,36.5,56.897,19.068
623,1724.6,196.73,8.7662,16.538
624,1496.7,102.23,14.641,14.641
626,1429.2,148.38,9.632,11.958
627,1592.5,96.295,16.538,11.958
628,1349.6,198.01,6.8158,11.958
629,1508.7,147.11,10.255,11.958
630,1654.2,68.5,24.149,11.958
632,1449.6,130.72,11.089,11.958
633,1391.2,130.38,10.671,11.958
633,1737.9,145.34,11.958,11.958
634,1611.3,131.61,12.243,12.243
635,1077.4,98.159,10.976,12.243
637,1577.7,101.81,15.496,15.496
638,2470.2,80.741,30.593,18.961
639,1626.3,53.281,30.522,18.961
640,1801.5,262.4,6.8656,18.961
642,2217,74.668,29.691,29.691
643,1063.7,22.972,46.303,29.691
644,1516.3,79.97,18.961,30.522
645,1874.3,48.799,38.408,30.593
647,1451.2,32.415,44.771,31.614
647,1695.5,53.632,31.614,31.614
649,1541,221.65,6.9524,33.846
650,1501.8,36.884,40.716,33.846
651,1684.8,82.364,20.455,37.636
652,1529.2,24.494,62.431,37.614
654,2085.2,42.903,48.603,37.636
654,1748.5,51.66,33.846,37.614
655,1693.5,60.394,28.041,37.614
656,2209,41.576,53.132,37.614
657,1538.8,65.646,23.44,37.614
658,1876.8,49.868,37.636,33.846
659,2178,57.904,37.614,33.846
660,1563,35.992,43.426,33.846
661,1743.4,60.047,29.034,30.595
663,1648.4,39.069,42.191,29.034
664,1585,80.878,19.598,30.595
665,1755.1,66.144,26.535,30.595
667,1814.6,67.131,27.03,36.053
668,1520.6,49.699,30.595,30.595
669,1856.4,48.884,37.977,30.595
671,1398.1,50.17,27.867,30.595
672,1702,72.923,23.339,36.053
673,1454.5,40.344,36.053,30.595
674,1579.1,30.333,52.057,36.053
675,1848.9,38.767,47.692,36.053
676,1383.4,161.73,8.5535,37.725
677,1679.5,15.871,105.82,37.977
679,1778,47.131,37.725,37.725
680,1593.3,28.389,56.121,37.725
681,1625,72.626,22.375,37.725
682,1613,32.3,49.939,37.725
683,1638.2,74.644,21.947,36.047
685,1951.5,25.285,77.179,31.931
686,1745.7,22.737,76.777,31.931
687,2084.1,57.815,36.047,31.931
688,1432,79.805,17.944,27.856
690,2136.4,111.01,19.244,27.856
690,2091.4,65.499,31.931,29.451
692,1378.8,49.497,27.856,29.451
693,377.5,82.165,4.5944,29.451
696,1485.8,210.43,7.0611,27.856
697,2183.8,52.355,41.712,24.061
697,2007.2,83.424,24.061,19.244
698,1727.3,44.44,38.868,19.244
699,1780.9,60.471,29.451,22.057
701,2590.4,23.51,110.18,13.61
702,1439.4,116.99,12.303,13.61
703,1528.5,154.69,9.881,17.088
704,1411.5,129.5,10.899,17.47
705,1505,116.75,12.891,17.47
707,1229.3,103.06,11.928,17.088
708,1844.1,83.605,22.057,17.088
709,1436.3,105.53,13.61,13.61
710,1362.3,79.719,17.088,12.891
712,1847.4,60.366,30.603,13.61
713,1828.8,104.68,17.47,17.088
714,1545.2,53.034,29.136,17.47
715,254.52,27.091,9.395,19.208
716,1593.2,82.946,19.208,22.057
717,2095.7,203.89,10.279,26.336
719,454.8,85.544,5.3166,29.026
720,1738.1,65.997,26.336,29.136
721,1878.1,64.702,29.026,29.136
722,2124.7,53.629,39.618,29.136
723,1521.2,41.99,36.226,29.026
724,2396.5,20.482,117,35.001
725,1668.6,47.673,35.001,36.226
727,1632.6,34.394,47.467,39.618
728,1406.3,32.086,43.83,39.618
729,1317.7,30.951,42.574,42.574
730,1444.5,54.056,26.722,43.537
732,1582.8,60,26.38,43.83
733,1620.7,24.21,66.944,43.83
734,1350.5,2.5428,531.12,43.537
736,1677.8,37.864,44.311,43.537
737,1488.9,58.12,25.617,43.537
738,1567,35.992,43.537,43.537
739,1781.3,39.061,45.604,43.537
740,1627.8,4.9623,328.04,43.537
741,2153,58.959,36.516,44.311
743,1334.4,38.62,34.551,43.537
744,1458.4,61.192,23.834,43.537
745,2044.6,29.645,68.972,42.307
746,1821.7,36.859,49.423,42.307
747,1450.7,34.291,42.307,36.634
749,2194,66.216,33.135,36.634
750,1394.6,27.845,50.084,36.634
751,1288,35.159,36.634,40.512
752,2142.9,35.551,60.278,42.307
754,1214.4,42.408,28.637,45.985
755,1951.6,79.646,24.504,45.985
756,1567.2,43.886,35.71,45.985
758,1676,41.371,40.512,50.084
759,1744.4,3.0219,577.27,50.084
760,1482.9,32.247,45.985,52.366
761,1919.2,29.297,65.508,52.366
762,1937.2,18.44,105.06,52.366
762,2042.3,36.851,55.42,52.366
763,1853.2,13.321,139.12,52.366
764,1936.1,27.335,70.828,52.366
765,2215.8,48.817,45.39,52.366
766,1813.9,34.638,52.366,52.366
767,2038.9,40.699,50.096,52.366
767,1780.6,18.751,94.961,50.096
768,1597.9,126.81,12.601,49.421
769,1486.6,30.079,49.421,48.439
771,1799.5,37.15,48.439,45.39
772,1552,107.68,14.413,38.406
773,2788.8,30.972,90.045,38.288
774,1499.1,95.396,15.714,17.676
776,2166.8,56.591,38.288,17.676
777,1565.1,40.751,38.406,17.116
778,283.28,101.27,2.7973,17.676
780,1569.4,88.787,17.676,17.116
781,1611.2,127.36,12.651,17.085
783,1585.6,92.641,17.116,17.085
784,1509.2,153.25,9.8479,15.714
785,1682.4,91.774,18.332,13.493
786,1398.5,184.3,7.5884,13.493
788,1844.1,104.09,17.716,13.493
789,1608.7,94.16,17.085,15.607
790,1265.3,96.567,13.103,15.607
791,1776.7,137.15,12.955,15.653
793,1582.8,153.09,10.339,15.653
794,1176,87.153,13.493,17.085
795,1892.5,45.901,41.229,15.653
795,1799.5,114.96,15.653,17.085
796,1328.9,85.151,15.607,17.085
797,2200.7,111.95,19.658,19.658
798,1539.6,69.255,22.231,21.59
799,1467.5,36.932,39.735,21.59
800,1788.2,48.541,36.84,21.59
802,1503.7,147.43,10.199,21.59
803,2186.6,73.505,29.747,21.59
804,1524.9,62.3,24.476,21.59
805,1738.1,77.946,22.299,22.231
806,1421.8,65.855,21.59,22.231
807,1440.2,82.198,17.522,22.299
808,1424.1,77.133,18.463,22.299
809,1660.4,112.55,14.753,21.59
810,1665.5,46.519,35.802,21.59
811,1521.5,102.9,14.785,20.077
813,1481.9,48.884,30.314,20.077
814,1313.2,65.407,20.077,18.463
815,1425.7,43.281,32.94,18.463
815,1758.1,18.72,93.918,20.077
816,1461.6,84.793,17.237,21.556
817,1362.3,106.37,12.807,26.035
818,1484.8,124.27,11.948,26.035
820,1657.1,55.921,29.632,29.632
821,1510.9,119.62,12.631,26.035
822,1523.8,39.74,38.343,29.632
822,1904.2,34.022,55.969,29.632
823,1361.2,63.145,21.556,29.632
824,1386.2,53.244,26.035,31.536
826,1893.9,60.056,31.536,35.183
826,1475.4,28.95,50.965,35.574
828,1538.4,59.308,25.939,38.343
829,1917.4,32.21,59.528,46.806
830,1292.4,36.734,35.183,50.965
831,1608.8,45.224,35.574,46.806
833,1460.9,19.662,74.301,46.806
834,1344.8,25.167,53.435,50.965
835,1939.5,41.436,46.806,50.965
836,1543.1,24.402,63.236,46.806
837,1561.2,26.652,58.577,46.998
838,1721.9,21.51,80.05,46.806
839,1312.1,40.242,32.605,46.806
840,1328.3,82.565,16.088,46.806
842,1888.3,27.565,68.503,46.806
843,1420.9,177.07,8.0246,46.806
844,1282.6,107.35,11.948,46.998
845,1400.7,29.803,46.998,46.998
846,1225.1,54.483,22.486,32.605
847,1388.8,109.35,12.701,32.605
848,1468.3,70.643,20.785,46.998
849,1483.7,26.066,56.922,47.41
850,1445.2,5.0734,284.85,46.998
851,1826.1,24.53,74.441,47.41
852,1681.1,28.327,59.346,47.41
853,1410.8,44.61,31.625,56.922
854,1588.8,19.535,81.333,56.922
855,1637.9,0.27689,5915.5,59.346
856,1578.7,33.299,47.41,59.346
858,1504.1,83.821,17.944,59.346
859,1441.7,22.006,65.514,57.772
860,1614.1,59.319,27.211,57.772
861,1681.7,19.319,87.051,57.772
862,1341.7,28.148,47.665,57.772
864,2302.8,36.596,62.924,57.772
865,1488.4,27.582,53.962,57.772
866,1450.5,36.608,39.622,57.772
867,2967.1,51.358,57.772,57.772
869,2036.8,24.728,82.368,54.29
870,1524.4,14.08,108.27,54.29
870,2052.4,37.804,54.29,54.29
871,1762.1,16.975,103.81,57.772
873,1779.4,9.3206,190.91,54.29
874,1668.8,50.267,33.198,57.772
875,1661.5,46.511,35.723,76.858
876,1543.5,44.973,34.322,76.858
878,2825.7,58.993,47.899,65.983
879,2273.4,14.299,159,54.29
880,1762.8,16.604,106.17,61.972
881,2104.1,45.648,46.094,61.972
882,1970.4,25.637,76.858,61.972
883,1917.2,19.59,97.867,65.983
884,2001,30.327,65.983,68.257
885,1766.5,40.817,43.278,69.797
887,2284,49.587,46.06,69.797
888,2556.5,41.253,61.972,68.257
889,2038.3,19.1,106.72,65.983
890,2103.8,30.821,68.257,68.257
891,3026.9,20.975,144.31,68.257
892,1973.8,25.751,76.65,68.257
893,1978.1,28.341,69.797,69.797
894,1875.4,58.771,31.911,69.797
896,1804.1,62.286,28.964,69.797
897,1785.2,33.846,52.744,76.65
898,2005.4,21.663,92.571,76.65
900,1720.8,20.45,84.146,76.65
900,2379.6,17.961,132.49,76.65
902,1729.9,21.435,80.707,69.797
903,1907.7,77.047,24.76,66.272
903,2052.6,49.216,41.706,66.272
904,1812.4,19.66,92.186,73.118
906,1791.1,5.9451,301.27,80.707
907,2025.4,30.562,66.272,80.707
908,1766.6,12.452,141.87,73.118
910,2045.7,54.283,37.686,73.118
911,1867.3,42.943,43.484,66.272
912,2285.6,41.366,55.253,66.272
913,1634.2,22.35,73.118,73.118
914,1813,21.047,86.142,68.942
916,2481,14.335,173.08,68.942
917,1821.9,66.915,27.228,73.118
918,2268.9,14.285,158.84,73.118
919,2004.4,41.469,48.336,75.892
921,1656.1,57.097,29.005,75.892
921,1823.8,24.031,75.892,75.892
923,2269.4,32.918,68.942,86.142
924,2041.6,12.886,158.44,75.892
925,2415.8,10.839,222.88,75.892
927,1720.9,19.727,87.235,75.892
928,2886.4,19.984,144.43,75.892
929,1975.1,28.574,69.122,79.238
930,2059.9,28.896,71.287,79.238
931,2449.9,14.102,173.73,87.235
932,1812.7,39.064,46.405,91.077
934,2049.5,25.865,79.238,87.235
934,2236.8,39.12,57.177,79.238
936,1870.3,16.601,112.66,71.287
937,2227.6,16.443,135.47,69.122
938,2014.6,54.372,37.053,57.177
939,2684,29.469,91.077,46.405
941,3566.6,31.923,111.72,37.053
942,1762.1,57.485,30.653,30.653
943,1506.3,189.72,7.9399,30.653
944,1805.3,126.44,14.278,30.653
945,1893,123.67,15.306,29.317
946,1592.5,162.17,9.8203,29.317
948,2055.8,110.06,18.68,29.317
949,1435.8,260.6,5.5094,29.317
950,2083.1,71.054,29.317,29.317
951,1824.3,25.969,70.252,29.317
953,2167.2,57.721,37.546,37.546
954,2299.2,167.56,13.722,50.835
955,2039.1,26.242,77.704,54.346
956,1997.7,27.188,73.477,70.252
957,2102.2,41.353,50.835,73.477
959,2309.3,31.422,73.492,73.492
960,1747.6,23.098,75.659,75.145
961,2084.4,38.355,54.346,75.145
962,1866.8,13.774,135.53,75.659
963,2109.6,27.353,77.123,75.659
965,2001.8,10.382,192.82,75.145
966,1818.4,20.242,89.83,75.145
967,2771.2,32.371,85.608,75.145
968,1714.9,22.821,75.145,75.145
969,1973.1,51.921,38.001,75.145
970,1958.5,7.7432,252.93,77.123
972,2076.4,47.133,44.054,77.123
973,1359.5,21.937,61.971,75.145
975,1688,32.543,51.871,75.145
976,1753.1,26.936,65.084,69.798
978,2803.7,40.169,69.798,69.798
978,2376.5,11.884,199.98,67.774
979,2051.1,20.918,98.053,69.798
980,2585.3,23.746,108.87,67.774
981,1970.5,31.106,63.349,69.798
982,2081.3,21.51,96.758,69.798
984,2339.8,54.554,42.889,69.798
986,2226.8,27.776,80.169,80.169
987,2523,37.227,67.774,80.169
988,2076.2,11.861,175.05,67.774
989,1445.5,38.84,37.218,65.961
991,2096.2,15.064,139.15,63.349
992,2303.4,44.72,51.507,51.507
993,1623.1,41.477,39.133,51.507
994,2115.1,14.757,143.32,65.961
995,1827.5,51.826,35.262,56.52
996,2502.2,37.934,65.961,51.507
997,1788.4,45.914,38.952,51.507
999,2141.1,42.557,50.311,56.52
1000,2024.7,56.655,35.737,56.52
1001,2573.4,23.975,107.34,56.52
1002,2601.8,27.332,95.195,65.961
1003,1685.2,29.815,56.52,65.961
1004,1858.3,36.72,50.607,65.961
1005,2296.3,13.291,172.77,67.511
1007,2030.4,14.332,141.67,67.511
1008,2290.7,21.829,104.94,79.615
1009,1786.5,50.521,35.361,79.615
1010,1999,12.613,158.48,79.615
1011,1869.2,9.8418,189.92,69.619
1012,1793,32.131,55.804,69.619
1014,1851,27.418,67.511,69.619
1015,1900,57.86,32.838,67.511
1016,2325.9,29.214,79.615,60.534
1017,1680.8,37.939,44.303,59.187
1018,2048.2,10.788,189.85,60.534
1020,2382.3,34.219,69.619,59.187
1021,1760.8,62.572,28.141,55.804
1022,2224.7,48.807,45.581,45.581
1024,2262.3,37.372,60.534,45.357
1025,1946.7,32.89,59.187,45.357
1025,1805.7,39.812,45.357,44.303
1026,2303.4,34.432,66.896,34.673
1027,1592.4,127.04,12.535,34.673
1027,1445.4,164.7,8.7761,34.673
1028,1664.4,144.93,11.484,45.357
1030,1449.1,457.38,3.1683,41.403
1031,2472.5,71.311,34.673,34.673
1032,1433.3,190.92,7.5074,34.673
1033,1756.9,168.06,10.454,34.673
1035,3007.2,28.336,106.13,16.444
1036,2509.8,31.815,78.889,34.673
1037,2404.4,48.358,49.722,41.403
1038,1822.9,44.028,41.403,41.403
1039,841.61,265.96,3.1644,41.403
1041,2100,40.557,51.78,49.722
1042,1932.5,33.479,57.724,51.78
1043,1701.1,103.44,16.444,51.78
1044,2587.9,29.342,88.195,51.78
1045,1688.7,30.951,54.559,51.78
1047,287.23,71.9,3.9949,51.78
1047,92.9,43.028,2.1591,51.78
1050,1708.9,25.864,66.072,51.78
1051,2166.9,37.441,57.875,29.171
1052,2134,73.155,29.171,22.72
1054,1810.9,19.79,91.504,22.72
1055,2359,36.613,64.43,22.72
1056,1638.2,118.8,13.79,22.72
1058,1749,168.95,10.352,22.72
1059,1575.2,187.87,8.3844,29.171
1060,1780.5,143.36,12.42,29.171
1061,1981.5,87.211,22.72,29.171
1063,1476.7,199.59,7.3986,34.661
1064,3331,96.101,34.661,34.661
1065,2881.1,49.516,58.185,31.074
1066,986.91,111.51,8.8502,34.661
1067,2706.2,37.123,72.898,43.596
1069,1875.4,43.017,43.596,44.072
1069,2466.6,33.843,72.884,47.055
1071,2014.5,42.81,47.055,50.571
1072,2172.8,7.2816,298.39,50.571
1073,1648.5,53.05,31.074,58.185
1073,1999.4,45.367,44.072,50.571
1075,1691.2,33.441,50.571,50.571
1076,1773.7,30.213,58.706,50.571
1076,1789.1,30.548,58.569,58.569
1077,1678.8,18.532,90.589,58.569
1078,1870.8,42.363,44.161,58.706
1079,2169.5,28.432,76.305,58.706
1081,2007.8,56.422,35.586,58.706
1082,2035.5,40.443,50.331,59.808
1083,2277.9,32.432,70.238,70.238
1084,3806.3,39.33,96.779,76.305
1085,2146.4,19.352,110.92,76.305
1086,2143.4,7.9389,269.98,70.238
1087,2652.6,32.127,82.567,76.305
1088,2073.3,-25.984,-79.792,70.238
1090,2039.1,34.094,59.808,77.821
1091,2819.7,36.233,77.821,77.821
1092,2230,23.397,95.309,77.821
1093,2056.9,35.015,58.743,77.821
1095,2141.9,35.917,59.635,73.973
1095,2105,4.6368,453.98,73.973
1097,1868.7,33.926,55.081,73.973
1098,1944.4,23.979,81.086,73.973
1099,1925.8,40.477,47.577,73.973
1100,2162.5,-3.5212,-614.15,59.635
1101,2221.6,16.854,131.81,58.743
1102,1655.9,22.385,73.973,55.081
1103,1953.9,23.13,84.474,47.577
1104,2867.9,31.795,90.201,44.473
1105,2079.2,63.02,32.992,44.181
1107,1614.2,114.86,14.054,32.992
1108,90.831,64.683,1.4042,32.347
1109,1643.1,186.63,8.8041,32.347
1110,48.132,58.685,0.82018,32.347
1111,2756.2,62.383,44.181,31.113
1112,2057.7,46.269,44.473,31.113
1113,1907.5,58.97,32.347,29.986
1115,1614.9,161.36,10.009,29.986
1116,1843.3,77.223,23.87,31.113
1117,1980.2,63.645,31.113,32.347
1118,1633,34.357,47.53,34.42
1119,1701.3,56.738,29.986,41.537
1120,1428.7,20.868,68.461,41.537
1121,1463.3,52.948,27.636,41.537
1123,1455.9,31.128,46.771,46.771
1124,1911.9,25.127,76.091,46.771
1125,1435.6,34.562,41.537,47.53
1126,2117.8,61.529,34.42,59.512
1127,2064.6,19.205,107.5,59.512
1129,1958.2,27.648,70.828,59.512
1130,1998.9,33.588,59.512,56.739
1131,1796.7,23.208,77.418,56.739
1132,1524.2,41.962,36.323,59.512
1133,1747.8,27.854,62.749,59.512
1135,1877.9,30.652,61.265,59.512
1136,1367.7,25.889,52.828,61.265
1137,1615.4,28.471,56.739,61.265
1138,1481.2,31.948,46.364,61.265
1139,1960.2,46.82,41.866,61.265
1140,2379.8,25.389,93.73,61.265
1141,1731.5,25.665,67.464,61.265
1142,1996.3,71.256,28.016,56.739
1143,1853,21.818,84.93,53.34
1144,1967.3,27.202,72.322,53.34
1145,2396.6,5.8387,410.48,53.34
1146,1794,42.286,42.424,53.34
1147,2947.6,46.804,62.977,62.977
1148,2566,57.322,44.765,62.977
1150,1669.3,31.295,53.34,53.34
1151,2141.4,74.787,28.634,53.34
1151,2034.8,75.153,27.076,48.777
1153,2061.2,19.22,107.24,48.017
1154,1320,50.577,26.098,44.765
1155,2231.4,23.469,95.078,48.017
1156,2540.4,31.599,80.394,48.017
1157,1402.5,68.785,20.389,48.017
1158,1252.2,98.782,12.676,38.932
1158,2234.2,45.804,48.777,48.017
1159,2121.1,44.173,48.017,48.017
1161,1845.7,163.03,11.322,48.017
1163,1933.1,30.795,62.772,48.017
1164,2865.1,28.025,102.24,43.641
1165,2255.1,57.925,38.932,38.932
1166,1911,67.906,28.142,43.641
1168,1552.6,31.482,49.316,43.641
1169,2048.6,46.942,43.641,43.641
1170,2061.6,20.491,100.61,43.641
1171,1831.6,49.164,37.255,43.641
1173,1256.9,51.895,24.22,43.641
1173,1310.2,33.942,38.602,43.641
1175,1455.4,18.455,78.86,49.316
1176,1698.7,40.681,41.756,54.699
1177,1539.6,12.554,122.64,78.86
1178,1909.1,10.258,186.11,78.86
1179,2011.8,48.206,41.732,54.699
1180,1972.8,8.5475,230.8,54.699
1181,2182.6,24.673,88.461,54.699
1182,2056.1,37.59,54.699,78.86
1183,2133.9,26.764,79.731,54.699
1184,1848.4,20.989,88.063,54.699
1185,1786.6,33.333,53.597,53.597
1186,1530.6,44.427,34.452,41.732
1187,1678.8,40.497,41.456,41.456
1188,2252.1,-14.74,-152.79,34.452
1189,2500.6,20.565,121.6,31.266
1190,1686.6,53.943,31.266,31.266
1191,1758.8,144.76,12.15,31.266
1192,1433.8,135.86,10.554,15.079
1193,1868.6,160.51,11.642,14.782
1194,1655.8,186.11,8.8966,14.782
1195,1513.5,100.37,15.079,14.782
1196,1893.3,128.08,14.782,14.782
1196,2535.9,57.183,44.348,14.782
1197,2564.4,50.995,50.287,14.782
1199,2263.7,168.99,13.396,15.079
1199,1892.3,294.74,6.4202,24.834
1201,1941.7,78.187,24.834,24.834
1202,2639.3,1.1814,2234,24.834
1203,2148.1,-1.0689,-2009.6,29.283
1204,2540.5,59.477,42.714,29.283
1205,1908.8,47.499,40.187,29.283
1207,1889.6,59.791,31.604,29.283
1208,1823.7,31.044,58.746,29.283
1209,1724.9,99.61,17.317,29.283
1210,1426.3,163.74,8.7109,29.283
1211,2524.3,86.203,29.283,28.76
1212,1914.4,66.565,28.76,29.283
1213,1603,48.824,32.831,28.76
1214,1740.5,50.651,34.364,27.889
1215,1876.3,67.278,27.889,25.865
1217,1687.9,69.571,24.261,25.865
1218,1795.6,152.28,11.791,26.205
1219,1517.5,107.2,14.156,26.205
1220,1905.5,41.391,46.037,26.205
1221,1609.5,68.384,23.536,25.865
1223,1626.9,64.777,25.115,25.865
1224,1542.3,59.629,25.865,25.865
1225,1722.1,54.978,31.323,25.865
1227,1505.6,57.457,26.205,25.865
1227,2596.4,108.68,23.89,25.865
1228,2309.2,34.233,67.455,25.865
1230,1551.1,63.571,24.4,25.865
1231,1932.3,68.663,28.141,26.205
1232,1690.6,55.738,30.33,28.141
1233,1870.5,48.231,38.782,30.33
1234,1334.3,56.457,23.633,30.33
1235,1450.5,320,4.5327,36.812
1237,1550.6,103.94,14.919,38.782
1238,1546.8,18.992,81.443,38.782
1239,1356.3,36.843,36.812,39.687
1240,1740.3,32.956,52.806,39.687
1241,1684.9,42.455,39.687,42.279
1242,1850.2,18.188,101.73,42.279
1243,1979.4,6.2894,314.71,42.279
1244,1709.6,27.084,63.121,52.783
1245,2531,20.066,126.14,52.806
1246,1658.3,39.223,42.279,52.806
1247,1605.4,54.579,29.415,52.806
1248,1779.6,5.0515,352.29,52.783
1249,1458,49.186,29.643,52.783
1250,1554.6,52.471,29.627,50.72
1251,1991.4,37.727,52.783,49.039
1252,1634.5,8.2017,199.29,49.039
1253,1784.3,12.627,141.31,44.971
1254,2305.5,51.266,44.971,44.971
1255,2182.3,44.5,49.039,49.039
1256,315.36,55.497,5.6824,44.971
1257,1989.4,39.222,50.72,44.971
1258,253.2,48.624,5.2073,49.039
1260,1686.2,17.64,95.591,44.971
1260,1589.7,126.25,12.592,44.971
1261,1638.1,53.007,30.903,33.005
1262,1585.8,20.543,77.195,30.903
1263,2231,67.596,33.005,25.42
1264,2025.5,79.679,25.42,25.42
1264,1849.1,30.555,60.517,24.462
1265,1605,72.031,22.282,25.42
1266,3264.4,35.67,91.516,25.42
1267,1587.3,130.66,12.148,30.903
1268,1518.3,189,8.0331,33.005
1270,1387.9,86.647,16.018,30.189
1272,1642.5,67.143,24.462,30.189
1273,1952.9,147.89,13.205,38.975
1275,1130.1,28.996,38.975,38.975
1276,2324.6,37.995,61.182,54.516
1278,1876.4,21.43,87.56,54.516
1279,1704.6,18.436,92.459,61.182
1279,1588.4,52.616,30.189,61.182
1281,2017,27.136,74.331,71.558
1282,1827.5,24.978,73.166,71.558
1283,1693.6,23.668,71.558,71.558
1284,1854.4,34.015,54.516,71.558
1285,1515.1,17.704,85.582,71.558
1286,1615.5,13.857,116.58,71.558
1287,1622.7,40.483,40.082,61.07
1289,1877.2,15.441,121.57,61.07
1290,1625.4,-1.5149,-1072.9,61.07
1291,1773,29.033,61.07,61.07
1292,2185,45.291,48.244,61.07
1294,2001.5,-1.7028,-1175.4,71.535
1295,2480.1,25.659,96.658,71.535
1296,1990.3,-1.2552,-1585.6,61.07
1297,2075.2,34.105,60.848,71.535
1298,2013.4,27.205,74.007,63.36
1299,2352.5,11.027,213.35,63.36
1299,1724.7,24.109,71.535,63.36
1300,1819.3,21.76,83.605,63.36
1302,1869.4,19.682,94.98,63.36
1303,1927.7,36.803,52.378,63.36
1304,1906.2,7.1923,265.03,64.184
1305,1639.6,25.878,63.36,71.535
1306,1946,35.048,55.522,64.184
1307,1983.8,55,36.07,64.184
1308,1959.4,40.659,48.191,63.36
1309,2065.3,37.372,55.264,55.522
1309,1992.1,20.573,96.833,55.264
1310,1994.6,31.077,64.184,55.264
1312,1700.5,4.3864,387.68,48.191
1313,1788.7,76.102,23.505,36.07
1314,1701.9,8.7166,195.24,23.505
