0,17.375
1.797,17.35
2.297,17.35
2.688,17.35
3.078,17.35
3.5,17.37
3.875,17.35
4.297,17.35
4.672,17.37
5.094,17.37
5.485,17.37
5.876,17.37
6.438,17.37
6.829,17.37
7.251,17.37
7.642,17.37
8.048,17.37
8.439,17.41
8.829,17.41
9.22,17.385
9.642,17.385
10.033,17.385
10.455,17.37
10.845,17.41
11.267,17.41
11.658,17.41
12.064,17.41
12.455,17.37
12.846,17.385
13.252,17.385
13.862,17.385
14.252,17.385
14.659,17.385
15.034,17.385
15.456,17.385
15.862,17.385
16.456,17.385
16.862,17.37
17.3,17.37
17.691,17.385
18.097,17.385
18.503,17.385
18.909,17.385
19.3,17.385
19.691,17.385
20.097,17.385
20.504,17.385
20.879,17.41
21.285,17.41
21.691,17.41
22.082,17.41
22.488,17.41
22.895,17.41
23.27,17.385
23.692,17.385
24.067,17.385
24.489,17.385
24.864,17.385
25.286,17.385
25.676,17.385
26.051,17.385
26.473,17.385
26.88,17.385
27.286,17.385
27.708,17.385
28.099,17.37
28.505,17.37
28.896,17.37
29.318,17.37
29.74,17.385
30.13,17.385
30.568,17.385
32.256,17.35
32.756,17.33
33.147,17.33
33.553,17.35
33.944,17.35
34.522,17.33
34.928,17.33
35.319,17.33
35.71,17.33
36.116,17.33
36.507,17.33
36.897,17.33
37.319,17.375
37.694,17.375
38.116,17.375
38.507,17.375
38.898,17.33
39.288,17.33
39.695,17.33
40.101,17.375
40.492,17.375
40.882,17.33
41.289,17.33
41.679,17.33
42.101,17.33
42.477,17.33
42.883,17.33
43.289,17.35
43.68,17.35
44.086,17.35
44.493,17.35
44.868,17.37
45.29,17.37
45.743,17.36
46.133,17.36
46.54,17.36
46.93,17.36
48.212,17.36
48.712,17.36
49.134,17.36
49.54,17.385
49.947,17.385
50.353,17.385
50.744,17.385
51.134,17.385
51.525,17.385
52.166,17.36
52.572,17.36
52.947,17.36
53.369,17.385
53.76,17.385
54.151,17.37
54.541,17.36
54.948,17.36
55.354,17.36
55.745,17.36
56.167,17.33
56.573,17.35
56.979,17.35
57.386,17.35
57.792,17.33
58.183,17.33
58.573,17.33
58.964,17.355
59.37,17.355
59.761,17.355
60.183,17.355
60.574,17.355
61.152,17.3
61.558,17.3
62.012,17.3
62.418,17.35
62.824,17.35
63.215,17.33
63.621,17.33
64.028,17.26
64.418,17.26
64.809,17.26
65.403,17.26
65.825,17.29
66.215,17.29
66.606,17.29
66.997,17.29
67.403,17.29
67.81,17.24
68.2,17.24
68.622,17.24
69.2,17.24
69.591,17.24
70.013,17.24
70.404,17.24
70.826,17.24
71.216,17.24
71.638,17.24
72.013,17.165
72.435,17.165
72.826,17.24
73.217,17.24
73.623,17.15
74.014,17.15
74.436,17.15
74.842,17.165
75.264,17.15
75.639,17.15
76.045,17.15
76.452,17.15
76.842,17.15
77.233,17.15
77.64,17.15
78.046,17.24
78.437,17.24
78.827,17.24
79.234,17.24
79.624,17.24
80.046,17.24
80.437,17.24
80.875,17.24
81.281,17.24
81.703,17.29
82.109,17.29
82.515,17.29
82.906,17.29
83.312,17.29
83.719,17.29
84.11,17.275
84.516,17.275
84.907,17.275
85.313,17.275
85.704,17.26
86.11,17.26
86.547,17.26
86.938,17.275
87.454,17.26
87.891,17.275
88.423,17.26
88.829,17.26
89.22,17.26
89.626,17.35
90.017,17.35
90.439,17.35
90.83,17.35
91.252,17.29
91.642,17.29
92.064,17.29
92.439,17.29
92.861,17.29
93.252,17.29
93.689,17.29
94.08,17.33
94.471,17.3
94.877,17.3
95.268,17.3
95.674,17.33
96.065,17.3
96.471,17.3
96.878,17.3
97.268,17.3
97.659,17.35
98.05,17.375
98.456,17.375
98.862,17.375
99.269,17.375
99.659,17.37
100.05,17.37
100.46,17.37
100.85,17.37
101.27,17.37
101.67,17.37
102.08,17.4
102.5,17.4
102.91,17.4
103.3,17.4
103.71,17.4
104.13,17.42
104.53,17.42
104.94,17.42
105.36,17.42
105.77,17.45
106.18,17.45
106.58,17.45
106.99,17.45
107.41,17.45
107.8,17.45
108.19,17.45
108.58,17.45
109,17.45
109.38,17.45
109.8,17.45
110.21,17.45
110.63,17.45
111.04,17.45
111.46,17.47
112,17.47
112.4,17.45
112.82,17.45
113.19,17.45
113.61,17.45
114.01,17.45
114.4,17.45
114.8,17.45
115.21,17.45
115.62,17.42
116.02,17.42
116.43,17.42
116.82,17.4
117.24,17.4
117.65,17.4
118.07,17.4
118.49,17.4
118.9,17.37
119.29,17.37
119.71,17.37
120.1,17.37
120.52,17.37
120.94,17.37
121.4,17.375
121.8,17.375
122.21,17.375
122.6,17.375
122.99,17.375
124.24,17.375
124.74,17.375
125.13,17.375
125.56,17.375
125.93,17.375
126.34,17.375
126.73,17.375
127.13,17.3
127.52,17.3
127.93,17.3
128.34,17.35
128.71,17.35
129.12,17.35
129.52,17.35
129.93,17.35
130.37,17.35
130.81,17.37
131.21,17.4
131.62,17.37
132.03,17.37
132.42,17.37
132.82,17.37
133.21,17.37
133.63,17.4
134.06,17.4
134.46,17.41
134.88,17.41
135.29,17.41
135.71,17.41
136.21,17.41
136.6,17.41
137.04,17.41
137.43,17.37
137.87,17.37
138.28,17.41
138.7,17.37
139.1,17.37
139.49,17.37
139.89,17.47
140.37,17.47
140.79,17.47
141.18,17.485
141.6,17.485
142.01,17.485
142.4,17.485
142.81,17.485
143.21,17.485
143.65,17.485
144.04,17.46
144.48,17.46
144.87,17.46
145.31,17.46
145.71,17.46
146.14,17.46
146.53,17.46
146.96,17.43
147.36,17.43
147.76,17.43
148.18,17.43
148.59,17.44
148.98,17.44
149.39,17.43
149.78,17.43
150.17,17.43
150.59,17.46
151.15,17.46
151.59,17.46
152,17.46
152.42,17.46
153.51,17.485
154.03,17.485
154.44,17.485
154.83,17.485
155.22,17.485
155.62,17.485
156.01,17.485
156.42,17.485
156.83,17.485
157.22,17.485
157.62,17.46
158.03,17.46
158.45,17.46
158.84,17.46
159.26,17.46
159.69,17.46
160.08,17.46
160.47,17.46
160.87,17.46
161.31,17.46
161.75,17.44
162.17,17.44
162.56,17.44
162.97,17.44
163.41,17.44
163.8,17.44
164.34,17.495
164.75,17.495
165.16,17.495
165.59,17.495
166,17.495
166.44,17.46
166.84,17.46
167.25,17.46
167.66,17.46
168.06,17.46
168.47,17.46
168.88,17.46
169.31,17.425
169.72,17.425
170.14,17.425
170.53,17.425
170.92,17.395
171.31,17.395
171.72,17.395
172.14,17.51
172.55,17.51
172.97,17.51
173.39,17.52
173.81,17.52
174.22,17.58
174.63,17.58
175.02,17.58
175.41,17.58
175.81,17.54
176.24,17.55
176.64,17.55
177.06,17.55
177.47,17.53
177.88,17.53
178.31,17.53
178.71,17.53
179.14,17.53
179.53,17.53
179.97,17.62
180.36,17.62
180.77,17.62
181.16,17.63
181.57,17.63
182,17.63
182.39,17.57
182.82,17.57
183.22,17.57
183.66,17.57
184.07,17.57
184.49,17.57
184.89,17.57
185.32,17.57
185.72,17.55
186.14,17.55
186.55,17.57
186.94,17.57
187.35,17.55
187.74,17.55
188.16,17.55
188.57,17.55
188.99,17.55
189.41,17.55
189.82,17.55
190.24,17.55
190.61,17.55
191.04,17.55
191.5,17.55
191.91,17.55
192.32,17.55
192.72,17.55
193.13,17.55
193.51,17.55
193.91,17.57
194.32,17.57
194.72,17.57
195.13,17.57
195.55,17.57
195.94,17.57
196.38,17.57
196.77,17.62
197.18,17.62
197.57,17.62
198.02,17.63
198.44,17.53
198.87,17.53
199.29,17.63
200.3,17.53
201.01,17.55
201.41,17.55
201.8,17.55
202.23,17.55
202.65,17.55
203.07,17.55
203.48,17.54
203.9,17.54
204.29,17.54
204.71,17.52
205.13,17.53
205.52,17.53
205.96,17.53
206.38,17.45
206.82,17.45
207.21,17.45
207.65,17.45
208.06,17.45
208.43,17.42
208.85,17.47
209.29,17.47
209.7,17.47
210.1,17.44
210.7,17.44
211.1,17.44
211.53,17.44
211.93,17.46
212.32,17.46
212.74,17.43
213.17,17.43
213.57,17.43
213.99,17.43
214.4,17.47
214.82,17.47
215.24,17.47
215.67,17.47
216.07,17.46
216.48,17.44
216.9,17.44
217.32,17.44
217.73,17.44
218.15,17.44
218.57,17.44
218.98,17.44
219.38,17.44
219.79,17.44
220.2,17.44
220.6,17.47
221.01,17.47
221.42,17.47
221.82,17.47
222.21,17.47
222.64,17.44
223.06,17.44
223.45,17.44
223.85,17.44
224.26,17.44
224.65,17.44
225.23,17.44
225.65,17.47
226.04,17.47
226.46,17.46
226.87,17.43
227.26,17.43
227.67,17.43
228.09,17.43
228.51,17.46
228.92,17.46
229.32,17.46
229.73,17.46
230.37,17.44
230.79,17.44
231.23,17.44
231.62,17.44
232.03,17.44
232.42,17.44
233.03,17.44
233.43,17.46
233.86,17.47
234.29,17.47
234.73,17.47
235.15,17.47
235.58,17.47
236.11,17.485
236.53,17.485
237.06,17.47
237.48,17.47
237.89,17.47
238.86,17.47
239.36,17.485
239.75,17.47
240.15,17.47
240.56,17.47
240.94,17.47
241.36,17.47
241.92,17.47
242.36,17.48
242.76,17.48
243.17,17.48
243.59,17.48
244.01,17.37
244.44,17.37
244.86,17.37
245.26,17.385
245.66,17.385
246.08,17.385
246.52,17.41
246.94,17.44
247.33,17.47
247.77,17.47
249.44,17.37
249.94,17.37
250.36,17.37
250.78,17.35
251.22,17.35
251.61,17.35
252.03,17.35
252.45,17.3
252.86,17.3
253.27,17.3
253.66,17.3
254.08,17.3
254.49,17.33
254.91,17.33
255.31,17.33
255.72,17.33
256.11,17.33
256.53,17.33
256.95,17.3
257.55,17.3
257.94,17.3
258.36,17.3
258.78,17.29
259.36,17.29
259.77,17.29
260.17,17.29
260.58,17.29
261.02,17.29
261.42,17.29
261.83,17.29
262.24,17.32
262.63,17.32
263.03,17.32
263.46,17.275
263.86,17.275
264.28,17.275
264.69,17.275
265.08,17.275
265.49,17.275
265.91,17.24
266.33,17.24
266.74,17.24
267.14,17.24
267.55,17.24
267.96,17.24
268.35,17.24
268.77,17.24
269.16,17.24
269.57,17.24
269.97,17.24
270.36,17.24
270.77,17.2
271.21,17.2
271.6,17.2
271.99,17.19
272.41,17.19
272.82,17.19
273.43,17.19
273.86,17.19
274.25,17.19
274.66,17.19
275.05,17.19
275.44,17.19
275.86,17.19
276.27,17.19
276.68,17.19
277.08,17.19
277.51,17.19
277.9,17.19
278.29,17.19
278.71,17.19
279.12,17.19
279.49,17.19
279.9,17.19
280.3,17.19
280.69,17.19
281.1,17.19
281.52,17.19
281.91,17.2
282.32,17.2
282.73,17.2
283.15,17.19
283.55,17.24
283.94,17.24
284.54,17.24
284.94,17.25
285.35,17.25
285.79,17.25
286.18,17.25
286.59,17.25
286.98,17.25
287.37,17.25
287.77,17.31
288.2,17.31
288.62,17.31
289.21,17.31
289.65,17.31
290.06,17.31
290.48,17.29
290.9,17.29
291.29,17.29
291.68,17.29
292.09,17.29
292.48,17.275
292.9,17.275
293.4,17.31
293.82,17.31
294.24,17.31
294.63,17.31
295.06,17.33
295.46,17.33
295.87,17.33
296.28,17.33
296.71,17.29
297.13,17.29
297.54,17.29
297.96,17.29
298.37,17.29
298.81,17.29
299.43,17.395
299.84,17.395
300.28,17.29
300.7,17.395
301.12,17.395
301.53,17.395
301.95,17.395
302.35,17.35
302.78,17.35
303.2,17.36
303.6,17.36
304.03,17.36
304.45,17.42
305.07,17.42
305.48,17.42
305.92,17.42
306.34,17.44
306.76,17.4
307.18,17.4
307.59,17.4
308,17.4
308.42,17.4
308.84,17.4
309.28,17.46
309.7,17.46
310.09,17.46
310.53,17.46
310.92,17.46
311.34,17.46
311.75,17.44
312.36,17.44
312.78,17.46
313.4,17.46
313.81,17.46
314.23,17.46
314.65,17.46
315.06,17.4
315.48,17.4
315.89,17.4
316.37,17.42
316.81,17.42
317.25,17.42
317.65,17.4
318.06,17.42
318.5,17.44
318.89,17.44
319.29,17.44
319.73,17.44
320.19,17.44
320.59,17.44
321.03,17.44
321.44,17.44
321.84,17.44
322.25,17.44
322.67,17.44
323.09,17.385
323.5,17.385
323.92,17.44
324.33,17.44
324.73,17.44
325.17,17.44
325.56,17.44
325.97,17.44
326.41,17.47
326.83,17.47
327.23,17.47
327.67,17.47
328.09,17.47
328.49,17.47
328.92,17.47
329.31,17.47
329.74,17.44
330.33,17.44
330.75,17.44
331.27,17.43
331.67,17.46
332.11,17.46
332.52,17.46
332.94,17.46
333.36,17.46
333.78,17.46
334.2,17.43
334.6,17.46
335,17.46
335.44,17.46
335.88,17.47
336.28,17.47
336.7,17.47
337.11,17.46
337.72,17.46
338.11,17.46
338.53,17.46
338.94,17.46
339.38,17.46
339.8,17.44
340.22,17.44
340.64,17.44
341.03,17.47
341.44,17.47
341.88,17.47
342.27,17.47
342.69,17.47
343.1,17.47
343.53,17.43
343.92,17.43
344.35,17.43
344.75,17.43
345.17,17.45
345.58,17.45
345.99,17.45
346.38,17.45
346.78,17.385
347.22,17.385
347.63,17.385
348.03,17.385
348.44,17.385
348.86,17.45
349.28,17.45
349.71,17.45
350.13,17.43
350.53,17.43
350.96,17.43
351.36,17.44
351.77,17.44
352.16,17.44
352.57,17.41
353,17.41
353.43,17.41
353.85,17.42
354.25,17.42
354.69,17.42
355.13,17.42
355.54,17.4
355.96,17.4
356.38,17.46
356.82,17.46
357.25,17.46
357.68,17.46
358.11,17.4
358.51,17.4
358.94,17.4
359.38,17.46
359.77,17.46
360.21,17.4
360.63,17.42
361.08,17.4
362.01,17.44
362.51,17.46
362.94,17.46
363.38,17.46
363.82,17.44
364.24,17.44
364.68,17.46
365.1,17.46
365.54,17.46
365.96,17.46
366.35,17.46
366.76,17.46
367.16,17.46
367.6,17.4
368.02,17.46
368.44,17.46
368.85,17.46
369.29,17.46
369.73,17.46
370.16,17.46
370.57,17.46
370.99,17.46
371.41,17.46
371.82,17.43
372.24,17.43
372.68,17.43
373.1,17.43
373.54,17.4
373.96,17.4
374.41,17.4
374.82,17.4
375.24,17.4
375.66,17.45
376.09,17.45
376.51,17.45
376.93,17.45
377.37,17.45
377.77,17.45
378.2,17.45
378.63,17.42
379.06,17.42
379.48,17.42
379.9,17.44
380.32,17.44
380.74,17.47
381.37,17.47
381.79,17.47
382.21,17.48
382.65,17.48
383.07,17.48
383.51,17.48
383.93,17.48
384.35,17.48
384.76,17.48
385.18,17.48
385.6,17.48
386.03,17.58
386.45,17.58
386.85,17.58
387.28,17.52
387.68,17.52
388.12,17.52
388.54,17.52
388.98,17.58
389.42,17.58
389.84,17.58
390.26,17.58
390.67,17.48
391.1,17.48
391.49,17.48
391.92,17.48
392.34,17.47
392.74,17.47
393.15,17.47
393.57,17.47
394,17.47
394.4,17.44
394.82,17.44
395.23,17.44
395.65,17.44
396.07,17.42
396.48,17.45
396.93,17.45
397.35,17.45
397.78,17.45
398.18,17.45
398.62,17.45
399.04,17.45
399.46,17.45
400.03,17.45
400.45,17.45
400.86,17.45
401.26,17.45
401.7,17.45
402.37,17.4
402.81,17.45
403.22,17.45
404.42,17.43
404.92,17.46
405.36,17.46
405.78,17.46
406.2,17.46
406.62,17.46
407.04,17.47
407.43,17.47
407.89,17.47
408.31,17.47
408.75,17.385
409.17,17.385
409.56,17.37
409.97,17.37
410.39,17.37
410.81,17.37
411.23,17.37
411.64,17.41
412.06,17.41
412.65,17.37
413.08,17.385
413.5,17.385
413.9,17.42
414.33,17.385
414.75,17.385
415.14,17.385
415.76,17.385
416.19,17.385
416.61,17.46
417.05,17.385
417.48,17.385
417.91,17.385
418.31,17.46
418.73,17.46
419.14,17.46
419.58,17.42
420,17.42
420.44,17.42
421.03,17.42
421.47,17.42
421.88,17.42
422.3,17.42
422.7,17.42
423.11,17.42
423.56,17.46
423.99,17.46
424.42,17.46
424.84,17.45
425.27,17.45
425.69,17.44
426.09,17.44
426.52,17.46
426.92,17.42
427.33,17.42
427.77,17.42
428.19,17.42
428.6,17.42
429.02,17.42
429.42,17.42
429.86,17.47
430.3,17.47
430.72,17.47
431.16,17.47
431.56,17.47
431.99,17.47
432.42,17.47
432.83,17.47
433.25,17.47
433.69,17.47
434.11,17.41
434.55,17.47
434.99,17.41
435.56,17.47
435.95,17.47
436.38,17.47
436.78,17.41
437.21,17.41
437.63,17.41
438.02,17.41
438.44,17.41
438.85,17.41
439.3,17.41
439.72,17.41
440.14,17.41
440.83,17.42
441.35,17.42
441.77,17.47
442.19,17.47
442.6,17.47
443.02,17.47
443.44,17.47
443.86,17.47
444.32,17.41
444.82,17.41
445.24,17.41
446.27,17.48
446.78,17.48
447.22,17.48
447.71,17.48
448.13,17.495
448.55,17.495
448.97,17.495
449.39,17.47
449.83,17.47
450.25,17.47
450.68,17.47
451.08,17.57
451.5,17.57
451.94,17.57
452.35,17.57
452.75,17.57
453.18,17.56
453.58,17.56
454.02,17.56
454.46,17.56
454.88,17.605
455.3,17.605
455.72,17.605
456.33,17.605
456.76,17.605
457.16,17.605
457.61,17.605
458.05,17.58
458.46,17.58
458.86,17.58
459.32,17.58
459.72,17.58
460.16,17.58
460.58,17.58
461.02,17.58
461.46,17.58
461.9,17.58
462.32,17.58
462.76,17.605
463.19,17.605
463.63,17.605
464.05,17.58
464.48,17.605
464.91,17.605
465.33,17.605
465.77,17.605
466.19,17.605
466.6,17.605
467.02,17.605
467.43,17.605
467.87,17.605
468.3,17.605
468.74,17.52
469.15,17.52
469.57,17.52
469.99,17.52
470.43,17.57
470.85,17.57
471.27,17.57
471.69,17.57
472.1,17.46
472.51,17.47
472.96,17.47
473.37,17.47
473.77,17.47
474.21,17.495
474.63,17.495
475.07,17.495
475.49,17.495
475.9,17.48
476.32,17.46
476.74,17.46
477.17,17.46
477.6,17.46
478.04,17.46
478.45,17.46
478.88,17.47
479.31,17.47
479.71,17.47
480.15,17.47
480.57,17.47
480.99,17.42
481.42,17.47
481.84,17.47
482.24,17.47
482.68,17.47
483.1,17.47
483.7,17.47
484.12,17.47
484.53,17.42
484.95,17.42
485.37,17.42
485.78,17.42
486.18,17.42
486.59,17.42
487.03,17.42
487.42,17.44
487.84,17.44
488.26,17.44
488.68,17.44
489.14,17.44
489.54,17.44
490.03,17.44
490.45,17.44
490.87,17.42
491.28,17.42
491.7,17.42
492.12,17.42
492.54,17.42
492.98,17.42
493.42,17.42
493.82,17.42
494.25,17.42
494.67,17.42
495.06,17.42
495.5,17.42
495.93,17.42
496.37,17.42
496.79,17.42
497.21,17.42
497.78,17.44
498.2,17.44
498.61,17.44
499.03,17.44
499.45,17.44
499.84,17.44
500.28,17.44
500.7,17.44
501.14,17.44
501.59,17.42
502,17.42
502.45,17.44
502.89,17.42
503.31,17.44
504,17.42
504.4,17.42
504.84,17.42
505.25,17.42
505.65,17.42
506.09,17.42
506.53,17.42
506.95,17.42
507.37,17.42
507.78,17.42
508.22,17.44
508.64,17.44
509.08,17.46
509.51,17.46
509.95,17.46
510.37,17.46
510.78,17.46
511.2,17.41
511.64,17.41
512.08,17.41
512.51,17.41
512.92,17.41
513.36,17.41
513.78,17.41
514.2,17.41
514.62,17.41
515.01,17.41
515.45,17.41
515.87,17.46
516.28,17.46
516.7,17.46
517.13,17.46
517.56,17.42
517.97,17.44
518.41,17.42
518.86,17.42
519.28,17.44
519.84,17.42
520.28,17.42
520.7,17.42
521.09,17.42
521.52,17.42
521.94,17.42
522.36,17.42
522.78,17.44
523.2,17.46
523.63,17.46
524.06,17.42
524.47,17.42
524.89,17.485
525.31,17.485
525.74,17.485
526.14,17.485
526.56,17.485
526.97,17.51
527.42,17.51
527.83,17.51
528.25,17.51
528.67,17.44
529.11,17.51
529.53,17.51
529.95,17.44
530.38,17.44
530.8,17.44
531.2,17.44
531.64,17.44
532.08,17.41
532.5,17.41
532.92,17.41
533.31,17.41
533.77,17.41
534.17,17.41
534.58,17.41
535.02,17.41
535.44,17.41
535.88,17.44
536.47,17.44
536.91,17.44
537.35,17.51
537.77,17.51
538.21,17.51
538.64,17.51
539.08,17.51
539.5,17.41
539.94,17.41
540.35,17.41
540.75,17.41
541.19,17.41
541.61,17.41
542.05,17.41
542.49,17.42
542.88,17.42
543.32,17.42
543.72,17.42
544.14,17.42
544.58,17.42
545.02,17.485
545.44,17.46
545.85,17.46
546.29,17.44
546.69,17.44
547.1,17.44
547.52,17.46
547.94,17.46
548.38,17.46
548.85,17.46
550.08,17.44
550.58,17.42
550.99,17.42
551.49,17.42
551.91,17.42
552.36,17.42
552.79,17.42
553.19,17.44
553.6,17.44
554.04,17.44
554.47,17.44
554.91,17.46
555.33,17.46
555.77,17.46
556.21,17.41
556.61,17.41
557.02,17.41
557.46,17.41
557.9,17.41
558.33,17.41
558.74,17.4
559.16,17.41
559.6,17.4
560.02,17.4
560.44,17.4
560.88,17.4
561.3,17.4
561.74,17.4
562.15,17.375
562.58,17.375
563.01,17.375
563.46,17.41
563.85,17.4
564.26,17.4
565.46,17.36
565.93,17.36
566.54,17.36
566.94,17.41
567.35,17.36
567.79,17.36
568.21,17.36
568.63,17.36
569.04,17.375
569.46,17.375
569.88,17.375
570.32,17.4
570.76,17.4
571.17,17.4
571.59,17.41
572.02,17.41
572.46,17.4
572.87,17.4
573.29,17.4
573.7,17.4
574.13,17.4
574.56,17.4
574.99,17.41
575.42,17.46
575.84,17.46
576.28,17.46
576.7,17.46
577.13,17.46
577.54,17.45
578.23,17.45
578.65,17.45
579.06,17.45
579.46,17.45
579.87,17.45
580.32,17.46
580.73,17.46
581.13,17.46
581.57,17.46
581.98,17.45
582.4,17.42
582.84,17.42
583.26,17.42
583.88,17.42
584.29,17.42
584.73,17.42
585.17,17.42
585.57,17.42
585.99,17.42
586.42,17.42
586.85,17.42
587.28,17.42
587.89,17.42
588.31,17.42
588.73,17.485
589.14,17.485
589.57,17.485
590.03,17.44
590.45,17.44
590.89,17.44
591.29,17.44
591.75,17.47
592.17,17.47
592.59,17.47
593.04,17.41
593.45,17.41
593.89,17.41
594.32,17.41
594.75,17.44
595.18,17.44
595.64,17.44
596.04,17.44
596.5,17.44
596.9,17.44
597.31,17.495
597.73,17.495
598.15,17.495
598.59,17.495
599.01,17.485
599.45,17.485
599.86,17.485
600.28,17.52
600.72,17.52
601.14,17.51
601.58,17.51
601.98,17.51
602.4,17.51
602.83,17.51
603.26,17.51
603.68,17.51
604.12,17.51
604.54,17.51
604.98,17.52
605.42,17.52
605.84,17.52
606.48,17.51
606.92,17.57
607.34,17.51
607.76,17.51
608.2,17.51
608.62,17.51
609.03,17.51
609.47,17.51
609.89,17.51
610.33,17.495
610.76,17.495
611.2,17.48
611.64,17.48
612.05,17.495
612.5,17.495
612.92,17.495
613.36,17.495
613.78,17.495
614.39,17.57
614.83,17.57
615.26,17.57
615.67,17.57
616.11,17.57
616.55,17.57
616.98,17.56
617.39,17.56
617.8,17.56
618.25,17.56
618.67,17.56
619.11,17.52
619.53,17.52
619.97,17.52
620.39,17.605
620.83,17.605
621.25,17.605
621.67,17.605
622.08,17.605
622.52,17.605
622.95,17.53
623.39,17.59
623.83,17.59
624.41,17.59
624.85,17.59
625.28,17.59
625.69,17.56
626.11,17.53
626.52,17.605
626.94,17.605
627.36,17.605
627.8,17.605
628.22,17.52
628.64,17.52
629.05,17.52
629.49,17.605
629.92,17.605
630.35,17.56
630.8,17.56
631.2,17.56
631.61,17.57
632.05,17.57
632.49,17.57
632.92,17.57
633.35,17.57
633.78,17.57
634.22,17.57
634.63,17.57
635.08,17.57
635.5,17.47
635.92,17.47
636.49,17.495
636.94,17.48
637.36,17.495
637.78,17.495
638.22,17.48
638.66,17.495
639.08,17.46
639.53,17.46
639.94,17.46
640.38,17.46
640.82,17.48
641.24,17.48
641.69,17.495
642.11,17.495
642.55,17.495
643.36,17.48
643.86,17.48
644.3,17.48
644.72,17.51
645.16,17.51
645.6,17.51
646.04,17.57
646.44,17.51
646.89,17.51
647.32,17.57
647.75,17.57
648.18,17.57
648.63,17.53
649.04,17.53
649.49,17.53
649.9,17.54
650.33,17.54
650.77,17.53
651.19,17.53
651.65,17.53
652.05,17.53
652.51,17.53
652.93,17.53
653.35,17.53
653.85,17.53
654.3,17.605
654.72,17.605
655.16,17.62
655.58,17.62
656.02,17.62
656.46,17.62
656.87,17.62
657.32,17.62
657.76,17.62
658.16,17.59
658.62,17.59
659.05,17.59
659.48,17.59
659.91,17.59
660.33,17.62
660.77,17.62
661.19,17.62
661.63,17.62
662.05,17.58
662.49,17.58
662.91,17.58
663.37,17.58
663.79,17.605
664.23,17.605
664.66,17.605
665.09,17.605
665.51,17.605
665.94,17.64
666.37,17.64
666.8,17.64
667.24,17.64
667.66,17.66
668.12,17.64
668.55,17.66
668.98,17.66
669.41,17.66
669.84,17.65
670.27,17.66
670.68,17.66
671.12,17.65
671.54,17.65
671.95,17.65
672.38,17.65
672.82,17.69
673.24,17.735
673.7,17.735
674.31,17.725
674.74,17.68
675.17,17.66
675.6,17.66
676.04,17.66
676.48,17.66
676.9,17.66
677.34,17.63
677.77,17.63
678.21,17.63
678.63,17.63
679.06,17.63
679.51,17.66
679.92,17.64
680.37,17.64
680.79,17.64
681.21,17.64
681.67,17.64
682.07,17.64
682.51,17.68
682.96,17.7
683.37,17.7
683.82,17.7
684.24,17.75
684.67,17.75
685.12,17.7
685.53,17.7
685.98,17.7
686.42,17.715
686.84,17.715
687.28,17.76
687.75,17.76
688.18,17.76
688.6,17.76
689.03,17.76
689.45,17.76
689.9,17.76
690.31,17.76
690.76,17.76
691.18,17.74
691.62,17.74
692.06,17.74
692.46,17.75
692.92,17.75
693.36,17.75
693.76,17.75
694.21,17.75
694.65,17.76
695.06,17.76
695.5,17.76
695.93,17.74
696.37,17.74
698,17.75
698.51,17.715
698.92,17.715
699.36,17.715
699.79,17.715
700.23,17.7
700.65,17.7
701.09,17.7
701.53,17.7
701.93,17.7
702.37,17.76
702.83,17.75
703.23,17.75
703.69,17.75
704.09,17.75
704.54,17.75
704.98,17.7
705.39,17.7
705.84,17.715
706.26,17.715
706.69,17.715
707.12,17.715
707.55,17.7
707.98,17.7
708.44,17.7
709.01,17.7
709.44,17.75
709.87,17.75
710.31,17.75
710.75,17.75
711.19,17.75
711.61,17.75
712.05,17.74
712.47,17.74
712.91,17.76
713.33,17.76
713.98,17.76
714.41,17.74
714.84,17.74
715.27,17.785
715.69,17.785
716.13,17.785
716.55,17.785
717.13,17.76
717.56,17.785
718,17.785
718.42,17.785
719.11,17.785
719.56,17.785
719.97,17.785
720.42,17.785
720.83,17.785
721.69,17.76
722.19,17.775
722.63,17.775
723.06,17.775
723.5,17.775
723.92,17.775
724.36,17.775
724.8,17.775
725.22,17.775
725.66,17.775
726.06,17.8
726.52,17.8
726.94,17.8
727.38,17.8
727.8,17.8
728.24,17.71
728.66,17.71
729.1,17.71
729.53,17.735
729.96,17.82
730.41,17.82
730.82,17.82
731.27,17.82
731.69,17.77
732.13,17.77
732.57,17.77
732.99,17.77
733.41,17.77
733.86,17.77
734.28,17.785
734.72,17.785
735.16,17.8
735.58,17.8
736,17.8
736.44,17.8
736.86,17.715
737.3,17.715
737.72,17.715
738.18,17.74
738.61,17.74
739.02,17.76
739.47,17.76
739.9,17.76
740.32,17.76
740.77,17.785
741.19,17.785
741.63,17.785
742.05,17.785
742.47,17.85
742.91,17.85
743.35,17.825
743.79,17.825
744.22,17.825
744.63,17.83
745.07,17.83
745.51,17.855
745.94,17.855
746.38,17.855
746.8,17.83
747.24,17.83
747.66,17.83
748.1,17.83
748.54,17.83
748.96,17.83
749.4,17.83
749.82,17.83
750.26,17.83
750.69,17.94
751.12,17.94
751.55,17.94
751.99,17.94
752.43,17.94
752.83,17.91
753.29,17.91
753.71,17.91
754.13,17.925
754.57,17.925
754.99,17.925
755.44,17.925
755.88,17.91
756.3,17.91
756.72,17.91
757.16,17.91
757.58,17.96
758.04,17.96
758.44,17.96
758.88,17.96
759.33,17.99
759.74,17.99
760.19,17.99
760.62,17.99
761.05,17.96
761.49,17.96
761.9,17.96
762.35,17.96
762.77,17.96
763.19,17.96
763.63,17.925
764.07,17.925
764.49,17.95
764.95,17.95
765.37,17.95
766.01,17.95
766.43,17.94
766.87,17.94
767.29,17.94
767.88,17.94
768.32,17.94
768.76,17.94
769.18,17.94
769.62,17.925
770.06,17.925
770.49,17.925
770.93,17.925
771.35,17.925
771.76,17.925
772.21,17.94
772.63,17.94
773.07,17.94
773.49,17.94
773.92,17.94
774.35,17.925
774.79,17.94
775.23,17.94
775.65,17.94
776.1,17.94
776.51,17.94
776.95,17.975
777.4,17.975
777.82,17.975
778.26,17.975
778.68,17.975
779.13,17.94
779.56,17.94
779.96,17.94
780.4,17.94
781.56,17.96
782.07,17.99
782.48,17.99
782.93,17.99
783.35,17.99
783.79,17.99
784.2,17.99
784.64,17.99
785.07,17.99
785.51,17.99
785.93,17.99
786.35,17.99
786.76,17.99
787.2,17.975
787.62,17.975
788.07,17.975
788.5,17.975
788.92,17.94
789.37,17.94
789.79,17.94
790.21,17.925
790.67,17.94
791.07,17.94
791.53,17.925
791.93,17.925
792.36,17.925
792.78,17.925
793.22,17.925
793.65,17.935
794.26,17.935
794.98,17.96
795.42,17.96
795.84,17.96
796.29,17.935
796.72,17.96
797.15,17.975
797.58,17.975
798.14,17.975
798.58,17.975
799,17.975
799.43,17.96
799.87,17.99
800.28,17.99
800.73,17.99
801.15,17.99
801.58,17.99
802.01,17.99
802.44,17.99
802.87,17.99
803.31,18.02
803.75,18.02
804.19,18.02
804.61,17.99
805.05,17.975
805.48,17.99
805.89,17.99
806.33,17.99
806.76,17.99
807.39,17.895
807.81,17.895
808.26,17.895
808.69,17.95
809.11,17.95
809.56,17.895
809.98,17.895
810.42,17.95
810.86,17.95
811.26,17.95
811.7,17.85
812.14,17.85
812.56,17.85
813.02,17.84
813.44,17.84
813.86,17.88
814.3,17.88
814.72,17.88
815.17,17.855
815.59,17.855
816.02,17.855
816.45,17.855
816.89,17.88
817.33,17.88
817.77,17.88
818.19,17.88
818.63,17.88
819.05,17.88
819.49,17.84
819.91,17.84
820.35,17.84
820.77,17.84
821.21,17.84
821.64,17.84
822.08,17.84
822.5,17.84
822.94,17.84
823.38,17.84
823.81,17.77
824.24,17.77
824.66,17.85
825.1,17.85
825.52,17.85
825.96,17.825
826.38,17.825
826.83,17.77
827.25,17.825
827.69,17.85
828.13,17.85
828.55,17.85
829.03,17.85
829.46,17.855
829.86,17.855
830.3,17.85
830.75,17.825
831.16,17.825
831.61,17.83
832.03,17.83
832.46,17.83
832.91,17.83
833.33,17.83
833.77,17.83
834.21,17.83
834.64,17.83
835.05,17.865
835.49,17.865
835.91,17.865
836.36,17.865
836.79,17.865
837.21,17.865
837.66,17.88
838.08,17.88
838.52,17.88
838.94,17.88
839.36,17.88
839.82,17.94
840.24,17.925
840.68,17.925
841.11,17.925
841.52,17.925
841.97,17.925
842.4,17.925
842.82,17.94
843.27,17.94
843.69,17.94
844.11,17.94
844.57,17.94
844.97,17.94
845.43,17.94
845.87,17.94
846.29,17.96
846.71,17.96
847.15,17.96
847.57,17.96
848.02,17.96
848.43,17.96
848.88,17.96
849.3,17.96
849.72,17.96
850.18,17.95
850.6,17.95
851.02,17.96
851.46,17.96
851.9,17.85
852.33,17.865
852.77,17.865
853.18,17.85
853.63,17.94
854.04,17.94
854.49,17.94
854.93,17.94
855.35,17.94
855.77,17.94
856.21,17.94
856.65,17.94
857.08,17.925
857.52,17.925
857.93,17.925
858.38,17.925
858.79,18.005
859.24,18.005
859.66,18.005
860.09,18.005
860.52,18.005
860.96,17.99
861.4,17.99
861.84,17.99
862.26,18.035
862.7,18.035
863.12,18.035
863.54,18.035
863.99,18.035
864.41,18.05
864.84,18.005
865.27,18.005
865.71,18.005
866.13,18.005
866.59,18.035
867.01,18.035
867.45,18.02
867.87,18.02
868.29,18.02
868.74,18.02
869.16,18.035
869.59,18.035
870.02,17.99
870.46,17.99
870.9,17.99
871.31,17.99
871.74,17.99
872.2,17.99
872.62,17.99
873.06,17.99
873.48,18.06
873.92,18.06
874.34,18.06
874.78,18.06
875.2,18.06
875.65,18.05
876.07,18.05
876.51,18.05
876.93,18.05
877.54,18.07
877.96,18.05
878.39,18.05
878.82,18.05
879.24,18.05
879.7,18.07
880.14,18.07
880.56,18.07
881.03,18.07
881.46,18.115
881.9,18.115
882.34,18.115
882.79,18.115
883.21,18.115
883.65,18.07
884.07,18.07
884.5,18.07
884.93,18.07
885.37,18.07
885.79,18.145
886.25,18.145
886.65,18.145
887.09,18.145
887.54,17.99
887.95,17.99
888.39,17.99
888.82,17.99
889.26,18.02
889.86,18.02
890.29,18.02
890.73,18.02
891.15,18.02
891.59,18.02
892.01,18.02
892.45,18.005
892.89,18.005
893.29,18.005
893.75,18.005
894.36,18.03
894.79,18.03
895.23,18.1
895.65,18.1
896.09,18.1
896.53,18.1
896.97,18.06
897.39,18.06
897.83,18.06
898.25,18.06
898.7,18.06
899.11,18.06
899.56,18.07
899.98,18.07
900.4,18.07
900.84,18.085
901.26,18.085
901.72,18.1
902.14,18.1
902.56,18.1
903.01,18.1
903.44,18.16
903.87,18.16
904.31,18.16
904.72,18.16
905.17,18.16
905.58,18.18
906.03,18.18
906.47,18.18
906.87,18.18
907.33,18.195
907.76,18.195
908.19,18.195
908.61,18.195
909.05,18.17
909.47,18.21
909.91,18.21
910.36,18.21
910.78,18.225
911.2,18.225
911.64,18.225
912.08,18.225
912.52,18.225
912.94,18.225
913.38,18.225
913.8,18.255
914.44,18.255
914.85,18.195
915.28,18.195
915.72,18.195
916.14,18.195
916.6,18.195
917.02,18.21
917.44,18.21
917.89,18.17
918.3,18.17
918.75,18.17
919.19,18.17
919.63,18.17
920.03,18.17
920.46,18.17
920.91,18.21
921.33,18.21
921.75,18.21
922.19,18.21
922.63,18.21
923.05,18.21
923.49,18.16
923.92,18.16
924.35,18.16
924.8,18.16
925.22,18.24
925.66,18.24
926.08,18.24
926.52,18.24
926.96,18.24
927.38,18.21
927.8,18.21
928.24,18.21
928.66,18.21
929.1,18.21
929.53,18.21
929.97,18.21
930.39,18.21
931,18.21
931.44,18.21
931.86,18.255
932.29,18.255
932.74,18.255
933.16,18.305
933.6,18.305
934.02,18.305
934.44,18.305
934.88,18.32
935.3,18.32
935.74,18.32
936.18,18.32
936.79,18.32
937.25,18.29
937.69,18.29
938.1,18.29
938.54,18.29
938.96,18.27
939.41,18.27
939.83,18.27
940.27,18.27
940.69,18.31
941.13,18.31
941.57,18.335
941.97,18.335
942.41,18.335
942.85,18.335
943.29,18.335
943.71,18.335
944.16,18.335
944.58,18.335
945.02,18.335
945.44,18.335
945.88,18.335
946.3,18.31
946.72,18.31
947.16,18.31
947.6,18.27
948.04,18.27
948.46,18.27
948.88,18.29
949.33,18.29
949.74,18.29
950.18,18.32
950.8,18.32
951.24,18.32
951.66,18.32
952.1,18.32
952.52,18.32
952.96,18.32
953.38,18.305
953.82,18.305
954.24,18.32
954.83,18.32
955.27,18.32
955.71,18.32
956.13,18.32
956.87,18.32
957.37,18.32
957.82,18.32
958.24,18.32
958.66,18.305
959.1,18.305
959.52,18.305
959.98,18.305
960.4,18.305
960.84,18.27
961.27,18.27
961.7,18.27
962.13,18.27
962.57,18.305
962.99,18.305
963.41,18.305
963.85,18.305
964.29,18.305
964.71,18.335
965.15,18.335
965.57,18.335
966.01,18.375
966.45,18.375
966.87,18.375
967.49,18.375
967.95,18.375
968.37,18.415
968.81,18.415
969.23,18.415
969.65,18.335
970.1,18.335
970.54,18.335
970.96,18.335
971.4,18.38
971.82,18.35
972.24,18.35
972.68,18.35
973.1,18.35
973.56,18.35
973.98,18.35
974.4,18.35
974.85,18.35
975.28,18.35
975.71,18.35
976.35,18.35
976.79,18.43
977.23,18.43
977.67,18.43
978.09,18.43
978.54,18.46
978.95,18.445
979.4,18.445
979.84,18.445
980.26,18.38
980.7,18.38
981.12,18.38
981.54,18.38
981.98,18.38
982.4,18.4
982.85,18.4
983.29,18.415
983.7,18.415
984.15,18.415
984.57,18.445
985.01,18.445
985.43,18.445
985.86,18.445
986.29,18.475
986.73,18.475
987.17,18.54
987.59,18.54
988.01,18.54
988.47,18.445
988.9,18.46
989.32,18.54
989.75,18.54
990.18,18.54
990.62,18.49
991.06,18.49
991.48,18.49
991.92,18.49
992.34,18.46
992.78,18.51
993.22,18.51
993.65,18.51
994.09,18.475
994.54,18.5
994.97,18.5
995.62,18.46
996.08,18.46
996.51,18.46
996.92,18.5
997.36,18.475
997.79,18.475
998.23,18.475
998.64,18.475
999.09,18.51
999.51,18.51
999.95,18.51
1000.4,18.525
1000.8,18.51
1001.2,18.51
1001.7,18.51
1002.1,18.51
1002.5,18.525
1003,18.49
1003.4,18.49
1003.8,18.49
1004.4,18.49
1004.9,18.49
1005.3,18.49
1005.7,18.49
1006.2,18.5
1006.6,18.54
1007,18.54
1007.5,18.54
1007.9,18.54
1008.3,18.525
1008.8,18.585
1009.2,18.585
1009.6,18.585
1010,18.585
1010.5,18.61
1010.9,18.61
1011.3,18.62
1011.8,18.62
1012.2,18.62
1012.6,18.525
1013.1,18.525
1013.5,18.525
1013.9,18.525
1014.4,18.57
1014.8,18.6
1015.2,18.6
1015.7,18.6
1016.1,18.54
1016.5,18.555
1017,18.555
1017.4,18.6
1018,18.555
1018.5,18.555
1018.9,18.585
1019.3,18.6
1019.7,18.585
1020.2,18.585
1020.6,18.6
1021,18.6
1021.5,18.6
1021.9,18.6
1022.3,18.6
1022.8,18.6
1023.2,18.665
1023.6,18.665
1024.1,18.665
1024.5,18.665
1024.9,18.665
1025.3,18.695
1025.8,18.695
1026.2,18.695
1026.6,18.68
1027.1,18.72
1027.5,18.72
1027.9,18.72
1028.4,18.72
1028.8,18.72
1029.2,18.72
1029.7,18.72
1030.1,18.72
1030.5,18.72
1031,18.68
1031.6,18.695
1032,18.695
1032.5,18.665
1032.9,18.665
1033.3,18.665
1033.7,18.665
1034.2,18.6
1034.6,18.6
1035.1,18.6
1035.5,18.6
1035.9,18.6
1036.3,18.6
1036.8,18.585
1037.2,18.585
1037.7,18.585
1038.1,18.585
1038.5,18.555
1039,18.555
1039.4,18.585
1039.8,18.585
1040.3,18.6
1040.7,18.6
1041.1,18.585
1041.6,18.585
1043,18.68
1043.5,18.68
1044,18.665
1044.4,18.665
1044.8,18.665
1045.3,18.625
1045.7,18.625
1046.1,18.625
1046.6,18.625
1047,18.665
1047.5,18.665
1047.9,18.665
1048.3,18.695
1048.7,18.665
1049.2,18.665
1049.6,18.625
1051.8,18.695
1052.3,18.695
1052.7,18.695
1053.2,18.695
1053.6,18.695
1054.1,18.665
1054.5,18.665
1054.9,18.665
1055.4,18.745
1055.8,18.745
1056.2,18.745
1056.6,18.745
1057.1,18.695
1057.5,18.695
1057.9,18.695
1058.4,18.745
1059,18.745
1059.4,18.665
1059.9,18.665
1060.3,18.695
1060.7,18.665
1061.1,18.695
1061.6,18.695
1062,18.665
1062.5,18.665
1062.9,18.665
1063.3,18.695
1063.8,18.665
1064.2,18.665
1064.6,18.665
1065.1,18.695
1065.5,18.695
1065.9,18.68
1066.4,18.665
1066.8,18.665
1067.2,18.625
1067.7,18.625
1068.2,18.625
1068.6,18.625
1069,18.625
1069.5,18.625
1069.9,18.625
1070.3,18.68
1070.8,18.695
1071.2,18.68
1071.6,18.68
1072.1,18.68
1072.5,18.68
1072.9,18.68
1073.3,18.68
1073.8,18.73
1074.2,18.73
1074.6,18.73
1075.1,18.73
1075.5,18.72
1075.9,18.72
1076.4,18.65
1076.8,18.65
1077.2,18.65
1077.7,18.65
1078.1,18.65
1078.5,18.68
1079,18.68
1079.4,18.68
1079.8,18.68
1080.2,18.71
1080.7,18.71
1081.1,18.71
1081.5,18.71
1082,18.71
1082.4,18.71
1082.8,18.71
1083.3,18.71
1083.7,18.71
1084.1,18.71
1084.6,18.71
1085,18.65
1085.4,18.65
1085.9,18.65
1086.3,18.65
1086.7,18.71
1087.2,18.71
1087.6,18.65
1088,18.65
1088.4,18.65
1088.9,18.65
1089.3,18.73
1089.7,18.73
1090.2,18.73
1090.6,18.73
1091,18.73
1091.5,18.71
1091.9,18.71
1092.3,18.71
1092.8,18.71
1093.2,18.71
1093.6,18.77
1094.1,18.77
1094.5,18.77
1094.9,18.77
1095.4,18.77
1095.8,18.77
1096.2,18.82
1096.7,18.82
1097.1,18.82
1097.5,18.855
1098.1,18.855
1098.6,18.855
1099,18.88
1099.5,18.88
1100,18.855
1100.4,18.855
1101,18.855
1101.4,18.87
1101.9,18.855
1102.3,18.855
1102.7,18.855
1103.2,18.855
1103.6,18.855
1104,18.855
1104.5,18.82
1104.9,18.82
1105.3,18.82
1105.8,18.78
1106.2,18.78
1106.6,18.78
1107.1,18.78
1107.5,18.78
1108.1,18.78
1108.5,18.78
1109,18.78
1109.4,18.78
1109.8,18.82
1110.3,18.82
1110.7,18.855
1111.1,18.855
1111.6,18.855
1112,18.855
1112.4,18.87
1112.9,18.87
1113.3,18.855
1113.7,18.855
1114.1,18.855
1114.6,18.855
1115,18.87
1115.4,18.87
1115.9,18.855
1116.3,18.87
1117,18.855
1117.5,18.87
1118.2,18.87
1118.7,18.87
1119.1,18.87
1119.6,18.855
1120,18.855
1120.5,18.855
1120.9,18.855
1121.3,18.855
1121.8,18.855
1122.2,18.79
1122.6,18.79
1123.1,18.79
1123.5,18.79
1123.9,18.82
1124.4,18.8
1124.8,18.8
1125.2,18.8
1125.6,18.8
1126.1,18.82
1126.6,18.82
1127,18.82
1127.4,18.78
1127.8,18.78
1128.3,18.78
1128.7,18.78
1129.1,18.78
1129.6,18.78
1130,18.78
1130.4,18.88
1131.1,18.88
1131.5,18.88
1131.9,18.855
1132.4,18.855
1132.8,18.855
1133.2,18.8
1133.7,18.8
1134.1,18.8
1134.5,18.83
1134.9,18.83
1135.4,18.88
1135.8,18.88
1136.3,18.88
1136.7,18.87
1137.1,18.87
1137.6,18.855
1138,18.83
1138.4,18.83
1138.9,18.83
1139.3,18.88
1139.8,18.88
1140.2,18.88
1140.6,18.89
1141.1,18.87
1141.5,18.87
1141.9,18.87
1142.4,18.87
1142.8,18.92
1143.2,18.92
1143.7,18.92
1144.1,18.9
1144.6,18.9
1145,18.9
1145.5,18.9
1145.9,18.95
1146.3,18.95
1146.8,18.95
1147.3,18.965
1147.7,18.965
1148.1,18.965
1148.6,18.965
1149,19
1149.4,19
1149.9,19
1150.3,19
1150.8,19
1151.2,18.99
1151.8,18.99
1152.3,19
1152.7,19
1153.1,19
1153.6,19
1154,19
1154.4,19
1154.9,19
1155.3,19
1155.7,18.975
1156.2,18.975
1156.6,18.89
1157,18.89
1157.5,18.89
1157.9,18.89
1158.4,18.89
1158.8,18.89
1159.2,18.89
1159.7,18.89
1160.1,18.89
1160.5,18.89
1160.9,18.975
1161.4,18.975
1161.8,18.975
1162.3,18.89
1162.7,18.89
1163.1,18.975
1163.6,19
1164.7,19
1165.2,18.99
1165.7,18.99
1166.1,18.99
1166.5,18.99
1167,18.965
1167.6,18.965
1168,18.965
1168.5,18.965
1168.9,18.965
1169.3,18.965
1169.8,19
1170.2,19
1170.7,19
1171.1,19
1171.5,18.95
1171.9,18.95
1172.4,18.95
1172.8,19.05
1173.2,19.05
1173.7,19.05
1174.3,19.05
1174.8,18.98
1175.2,18.98
1175.6,18.98
1176.1,18.98
1176.7,19.02
1177.2,19.02
1177.6,19.03
1178,19.03
1178.4,19
1178.9,19
1179.3,19.075
1179.8,19.075
1180.2,19.075
1180.6,19.04
1181.1,19.04
1181.5,19.04
1181.9,19.04
1182.3,19.04
1182.8,19.06
1183.2,19.06
1183.7,19.06
1184.1,19.03
1184.5,19.09
1185,19.09
1185.4,19.09
1185.9,19.09
1186.3,19.09
1186.7,19.09
1187.2,19.09
1187.6,19.17
1188,19.17
1188.5,19.17
1189,19.15
1189.4,19.15
1189.8,19.15
1190.3,19.15
1190.7,19.15
1191.2,19.15
1191.6,19.17
1192,19.17
1192.5,19.17
1192.9,19.17
1193.3,19.15
1193.8,19.15
1194.2,19.15
1194.6,19.15
1195.1,19.17
1195.5,19.17
1195.9,19.17
1196.4,19.17
1196.8,19.09
1197.2,19.09
1197.7,19.09
1198.1,19.09
1198.5,19.09
1199,19.09
1199.4,19.06
1199.9,19.09
1200.3,19.09
1200.7,19.09
1201.2,19.09
1201.6,19.09
1202.7,19.06
1203.2,19.06
1203.6,19.04
1204.1,19.04
1204.5,19.04
1205,19.04
1205.4,19.05
1205.9,19.05
1206.3,19.04
1206.8,19.04
1207.2,19.04
1207.6,19.04
1208.1,19.04
1208.7,19.04
1209.1,19.04
1209.5,19.04
1210,19.1
1210.4,19.1
1210.9,19.1
1211.3,19.1
1211.7,19.1
1212.2,19.1
1212.6,18.98
1213,18.98
1213.5,18.98
1213.9,18.98
1214.3,18.98
1214.8,18.98
1215.2,18.98
1215.7,19
1216.1,19
1216.5,19
1217,19
1217.4,18.965
1217.8,18.965
1218.3,18.965
1218.7,18.965
1219.1,19.05
1219.5,19.05
1220,19.05
1220.4,19.05
1220.8,18.98
1221.3,18.98
1221.7,18.98
1222.2,18.98
1222.6,18.98
1223.1,19.02
1223.5,19.02
1223.9,19.02
1224.4,19
1224.8,18.975
1225.2,18.975
1225.7,18.975
1226.1,18.91
1226.5,18.91
1227,18.91
1227.4,18.89
1227.8,18.91
1228.2,18.91
1228.7,18.91
1229.1,18.91
1229.6,18.88
1230,18.88
1230.4,18.88
1230.9,18.88
1231.3,18.88
1231.7,18.88
1232.2,18.88
1232.6,18.88
1233,18.88
1233.5,18.88
1233.9,18.88
1234.3,18.88
1234.8,18.88
1235.2,18.89
1235.6,18.89
1236.1,18.88
1236.6,18.865
1237,18.88
1237.4,18.88
1237.9,18.88
1239.3,18.94
1239.8,19
1240.4,19
1240.9,19
1241.3,19
1241.8,19.02
1242.2,19.02
1242.6,18.98
1243.1,18.98
1243.5,18.98
1244,19.05
1244.4,19.06
1244.9,19.06
1245.3,19.06
1245.7,18.965
1246.2,18.965
1246.6,18.965
1247.1,19
1247.5,19
1247.9,19
1248.4,19
1248.9,19.02
1249.3,19.02
1249.7,18.98
1250.1,18.98
1250.6,18.98
1251,18.98
1251.5,18.98
1251.9,19.09
1252.4,19.09
1252.8,19.09
1253.3,19.05
1253.7,19.05
1254.1,19.06
1254.8,19.06
1255.2,19.09
1255.7,19.09
1256.1,19.09
1256.6,19.09
1257,19.09
1257.4,19.06
1257.9,19.09
1258.3,19.09
1258.8,19.06
1259.2,19.06
1259.7,19.075
1260.1,19.06
1260.6,19.09
1261.7,19.02
1262.2,19.02
1262.6,19.075
1263,19.075
1263.5,19.04
1263.9,19.04
1264.3,19.04
1264.8,19.04
1265.2,19.04
1265.7,19
1266.1,18.99
1266.6,19.02
1267,19.02
1267.4,19.02
1267.9,19.02
1268.3,19.02
1268.7,18.98
1269.2,18.98
1269.7,18.98
1270.1,19.02
1270.5,19.02
1271,19.02
1271.4,18.99
1271.8,19.04
1272.3,19.04
1274.7,19.06
1275.1,19.02
1275.6,19.075
1276,19.06
1276.5,19.075
1276.9,19.06
1277.3,19.06
1278,19.085
1278.5,19.06
1278.9,19.06
1279.3,19.06
1279.8,19.05
1280.2,19.06
1280.7,19.09
1281.1,19.09
1281.5,19.09
1282,19.075
1282.4,19.075
1282.8,19.075
1283.3,19.075
1283.7,19.075
1284.2,19.075
1284.7,19.075
1285.1,19.075
1285.5,19.075
1286,19.075
1286.6,19.075
1287,19.075
1287.5,19.075
1287.9,19.11
1288.4,19.11
1288.8,19.11
1289.2,19.21
1289.6,19.21
1290.1,19.2
1290.5,19.2
1291,19.13
1291.4,19.13
1291.8,19.13
1292.3,19.13
1292.7,19.19
1293.2,19.19
1293.6,19.19
1294,19.19
1294.5,19.125
1294.9,19.125
1295.3,19.125
1295.8,19.125
1296.2,19.15
1296.7,19.19
1297.1,19.19
1297.6,19.19
1298,19.1
1298.5,19.1
1298.9,19.125
1299.3,19.125
1299.8,19.16
1300.2,19.16
1300.7,19.16
1301.1,19.17
1301.8,19.21
1302.2,19.21
1302.6,19.21
1303.1,19.21
1303.5,19.21
1304,19.21
1304.4,19.21
1304.9,19.21
1305.3,19.21
1305.7,19.21
1306.2,19.21
1306.6,19.23
1307.1,19.23
1307.5,19.23
1308,19.26
1308.4,19.26
1308.9,19.26
1309.3,19.26
1309.8,19.26
1310.2,19.26
1310.7,19.26
1311.1,19.27
1311.6,19.27
1312,19.27
1312.5,19.27
1312.9,19.27
1313.3,19.36
1313.8,19.36
1314.2,19.36
1314.7,19.36
1315.1,19.34
1315.6,19.34
1316,19.34
1316.5,19.34
